Datetime,Open,High,Low,Close,Volume
2019-05-28,20.8,20.85,19.35,19.95,256596
2019-05-29,19.8,20.0,19.0,19.2,53385
2019-05-30,19.0,19.85,19.0,19.75,19252
2019-06-03,19.0,19.0,18.2,18.35,48971
2019-06-10,17.55,17.7,17.15,17.25,8940
2019-06-11,16.55,17.65,16.2,16.6,16620
2019-06-12,16.5,16.95,16.0,16.45,19784
2019-06-13,16.1,16.35,16.0,16.25,10696
2019-06-14,16.15,16.45,16.0,16.0,10218
2019-06-17,16.1,16.1,15.75,15.8,7453
2019-06-18,15.9,16.2,15.8,15.85,5486
2019-06-19,16.0,16.15,15.6,15.75,17293
2019-06-20,15.5,15.65,15.0,15.5,26167
2019-06-21,15.45,16.15,15.2,15.75,12152
2019-06-24,15.15,15.9,15.15,15.65,13461
2019-06-25,15.4,15.6,13.25,14.95,89196
2019-06-26,14.7,15.35,14.0,14.9,26847
2019-06-27,14.85,15.5,14.75,15.0,28534
2019-06-28,14.9,15.3,14.75,14.9,19448
2019-07-01,15.12,15.3,14.7,14.88,31910
2019-07-02,14.85,14.95,14.6,14.88,4773
2019-07-03,15.3,15.3,14.65,14.73,11023
2019-07-04,14.78,14.94,14.6,14.64,22453
2019-07-05,14.8,14.8,14.45,14.53,20796
2019-07-08,14.5,14.55,13.75,14.08,44649
2019-07-09,13.89,14.05,13.77,13.91,6081
2019-07-10,14.0,14.2,13.65,13.9,12504
2019-07-11,13.79,13.92,13.7,13.74,5478
2019-07-12,14.05,16.3,14.05,15.09,87164
2019-07-15,15.95,15.95,14.66,14.93,36333
2019-07-16,14.82,14.82,13.92,14.23,27148
2019-07-17,14.05,14.8,14.05,14.55,16767
2019-07-18,14.43,14.52,13.99,14.11,6673
2019-07-19,14.15,14.27,13.75,13.82,11914
2019-07-22,13.8,13.8,13.41,13.53,12482
2019-07-23,13.61,13.85,13.35,13.46,8389
2019-07-24,13.5,14.94,13.45,13.93,62917
2019-07-25,14.04,14.41,13.81,13.99,29141
2019-07-26,14.49,14.65,14.28,14.34,10282
2019-07-29,14.0,14.14,13.65,13.97,36871
2019-07-30,14.1,14.2,13.58,13.61,15685
2019-07-31,13.62,13.95,13.3,13.72,29509
2019-08-01,13.65,14.1,13.5,13.61,11275
2019-08-02,13.6,13.7,13.3,13.35,24374
2019-08-05,13.46,13.61,13.36,13.52,17316
2019-08-06,13.6,14.15,13.5,13.88,18179
2019-08-07,13.58,14.18,13.4,13.64,27310
2019-08-08,14.0,14.7,14.0,14.54,71019
2019-08-09,14.95,15.2,14.71,14.82,21210
2019-08-13,14.9,15.0,14.45,14.59,10615
2019-08-14,15.0,16.39,14.7,15.58,99976
2019-08-16,15.25,15.55,14.65,14.7,24971
2019-08-19,14.75,15.25,14.11,14.19,32709
2019-08-20,14.3,14.38,13.62,14.0,15457
2019-08-21,13.81,13.85,13.25,13.33,28958
2019-08-22,13.25,13.25,12.7,12.81,8845
2019-08-23,12.8,13.3,12.7,13.12,29298
2019-08-26,13.42,13.42,13.0,13.16,9893
2019-08-27,13.48,13.53,13.08,13.18,13598
2019-08-28,13.26,13.5,13.0,13.13,15741
2019-08-29,13.06,13.13,12.79,12.83,22730
2019-08-30,13.13,13.13,12.9,13.01,4233
2019-09-03,12.99,13.05,12.75,12.76,5203
2019-09-04,12.73,12.91,12.7,12.82,9558
2019-09-05,13.04,13.17,12.9,13.13,8096
2019-09-06,13.38,13.62,13.06,13.12,29997
2019-09-11,14.7,15.3,14.7,14.98,21650
2019-09-12,15.15,15.2,14.51,14.73,11586
2019-09-13,14.75,14.75,14.32,14.45,10192
2019-09-16,14.45,15.2,14.45,14.64,14937
2019-09-17,14.57,15.01,14.54,14.58,14894
2019-09-18,14.76,15.5,14.1,14.29,29336
2019-09-19,14.2,14.26,13.9,14.22,27638
2019-09-20,13.82,14.65,13.76,14.21,30069
2019-09-23,14.36,14.95,13.75,14.09,57312
2019-09-24,14.15,14.35,13.95,14.03,20431
2019-09-25,13.9,14.14,13.7,13.74,8604
2019-09-26,13.68,14.03,13.4,13.42,12979
2019-09-27,13.68,13.89,13.47,13.54,17058
2019-09-30,13.35,13.36,13.0,13.03,15392
2019-10-01,13.59,13.59,12.52,12.64,26943
2019-10-03,13.1,13.1,12.42,12.52,10931
2019-10-04,12.6,12.75,12.25,12.36,13605
2019-10-07,13.25,13.25,12.15,12.21,11834
2019-10-09,13.3,13.3,11.91,12.1,11199
2019-10-10,12.0,12.2,11.75,12.0,15430
2019-10-11,12.06,12.21,11.81,11.9,9875
2019-10-14,12.23,12.23,11.7,11.8,10334
2019-10-15,11.79,11.8,10.9,11.08,66336
2019-10-16,11.49,11.49,10.95,11.19,14495
2019-10-17,11.2,11.75,11.01,11.5,19813
2019-10-18,12.0,12.72,11.42,12.29,34809
2019-10-22,12.57,12.8,12.55,12.75,9021
2019-10-23,13.0,13.4,12.81,12.86,79143
2019-10-24,12.88,12.95,12.5,12.54,9406
2019-10-25,13.47,13.47,12.56,12.58,14942
2019-10-29,12.75,12.94,12.31,12.89,7919
2019-10-30,13.1,13.2,12.96,13.02,6557
2019-10-31,12.99,14.8,12.99,13.91,36558
2019-11-01,14.0,14.6,13.89,14.4,66866
2019-11-04,14.7,15.28,14.6,14.77,49267
2019-11-05,14.98,15.2,14.04,14.32,27407
2019-11-06,14.65,14.8,14.28,14.44,19007
2019-11-07,15.1,15.1,14.16,14.38,12725
2019-11-08,14.25,14.35,14.0,14.06,14056
2019-11-13,14.62,15.15,14.25,14.81,28915
2019-11-14,15.15,15.36,14.9,14.92,37861
2019-11-15,14.06,14.06,12.6,12.75,78951
2019-11-18,12.61,13.51,12.61,13.11,27262
2019-11-19,13.15,13.23,12.91,12.93,11389
2019-11-20,13.01,13.05,12.5,12.54,16314
2019-11-21,12.4,12.76,12.4,12.65,8997
2019-11-22,13.2,13.8,13.13,13.37,58562
2019-11-25,13.35,13.35,12.96,13.03,14162
2019-11-26,13.27,13.69,12.74,13.1,26763
2019-11-27,13.04,13.16,12.95,12.99,17658
2019-11-28,12.77,13.39,12.71,12.97,9631
2019-11-29,12.89,13.19,12.63,12.78,12303
2019-12-02,12.98,13.0,12.45,12.54,12635
2019-12-03,12.55,12.55,12.1,12.28,8655
2019-12-04,12.22,12.34,12.15,12.24,2816
2019-12-05,12.49,12.49,12.3,12.33,2663
2019-12-06,12.5,12.7,12.25,12.53,20485
2019-12-09,12.6,12.7,12.25,12.39,8934
2019-12-10,12.47,12.48,12.05,12.19,4137
2019-12-11,12.15,12.28,11.95,12.01,9771
2019-12-12,12.03,12.21,11.9,12.15,3061
2019-12-13,12.35,12.5,12.09,12.29,2769
2019-12-16,12.3,12.82,12.2,12.59,11324
2019-12-17,12.59,13.91,12.59,13.55,115489
2019-12-18,13.67,13.67,12.9,12.98,11890
2019-12-19,13.11,13.7,12.76,13.0,35502
2019-12-20,13.3,13.72,13.0,13.11,15003
2019-12-23,13.27,13.3,12.84,12.88,14540
2019-12-24,12.88,13.01,12.7,12.71,6864
2019-12-26,12.7,12.75,12.35,12.38,12617
2019-12-27,12.42,12.55,12.1,12.25,23377
2019-12-30,12.48,12.7,12.2,12.36,20924
2019-12-31,12.23,12.44,12.05,12.13,28583
2020-01-01,12.3,12.5,12.3,12.41,8724
2020-01-02,12.32,13.0,12.32,12.76,29836
2020-01-03,12.7,14.53,12.7,13.63,80556
2020-01-06,13.55,13.57,12.59,12.75,34797
2020-01-07,13.25,13.55,12.95,13.01,25336
2020-01-08,12.8,13.49,12.75,12.96,24688
2020-01-09,13.4,13.5,12.85,12.94,27299
2020-01-10,13.18,14.5,12.91,12.96,30386
2020-01-13,13.23,13.3,12.9,13.12,15724
2020-01-14,14.0,14.46,13.6,13.89,107662
2020-01-15,13.9,14.25,13.6,14.05,32127
2020-01-16,14.01,14.49,14.01,14.23,35715
2020-01-17,14.2,14.5,14.19,14.27,28508
2020-01-20,14.9,15.2,14.35,14.69,55170
2020-01-21,14.74,14.75,14.36,14.47,18613
2020-01-22,14.77,14.77,14.05,14.2,23264
2020-01-23,14.14,14.3,13.96,14.04,11447
2020-01-24,14.08,14.25,14.01,14.11,7135
2020-01-27,14.0,14.75,13.84,14.55,13401
2020-01-28,14.61,14.75,14.27,14.32,10450
2020-01-29,14.84,14.84,14.1,14.31,8513
2020-01-30,14.73,14.73,14.21,14.26,16586
2020-01-31,14.25,14.25,13.5,13.68,8888
2020-02-01,13.5,13.95,13.05,13.21,13938
2020-02-03,13.22,13.24,12.85,12.91,12207
2020-02-04,13.28,13.28,13.04,13.11,6871
2020-02-05,13.19,14.3,13.07,13.91,20628
2020-02-06,13.94,14.29,13.5,13.88,12004
2020-02-07,13.83,13.83,13.5,13.5,6228
2020-02-10,13.45,13.7,13.05,13.46,39691
2020-02-11,13.41,13.7,13.22,13.39,58664
2020-02-12,13.8,13.8,13.06,13.13,31708
2020-02-13,13.18,13.18,12.89,12.98,18256
2020-02-14,13.0,13.05,12.55,12.7,10038
2020-02-17,12.78,12.91,12.21,12.26,11409
2020-02-18,12.48,12.48,12.11,12.24,9123
2020-02-19,12.6,12.7,12.38,12.48,9449
2020-02-20,12.46,12.65,12.25,12.31,9996
2020-02-24,12.07,12.51,12.01,12.36,6572
2020-02-25,12.48,12.48,12.2,12.34,6801
2020-02-26,12.44,12.49,11.64,11.75,22333
2020-02-27,11.66,11.7,11.6,11.68,13345
2020-02-28,11.44,11.45,11.05,11.06,25910
2020-03-02,11.18,11.18,10.8,10.89,26694
2020-03-03,10.84,11.3,10.7,10.96,7706
2020-03-04,11.15,11.17,10.8,10.94,14244
2020-03-05,10.96,11.44,10.96,11.12,19959
2020-03-06,10.9,10.95,10.45,10.78,16160
2020-03-09,10.5,10.55,10.0,10.25,11986
2020-03-11,10.31,10.4,9.92,9.94,17484
2020-03-12,9.5,9.5,8.6,8.87,35594
2020-03-13,8.45,9.4,7.2,9.08,48610
2020-03-16,9.0,9.9,8.52,9.19,27373
2020-03-17,9.0,9.25,8.52,8.64,49201
2020-03-18,8.63,8.65,7.97,8.05,19718
2020-03-19,8.02,8.39,7.55,7.97,20770
2020-03-20,7.95,8.57,7.9,8.15,11913
2020-03-23,8.5,8.5,7.4,7.43,20936
2020-03-24,7.98,7.99,7.46,7.82,4284
2020-03-25,7.26,9.0,7.26,8.76,16522
2020-03-26,8.99,10.3,8.99,9.97,42253
2020-03-27,10.33,10.33,9.46,9.58,18888
2020-03-30,9.9,10.24,9.01,9.13,21094
2020-03-31,9.78,10.24,9.45,9.89,20537
2020-04-01,9.93,10.54,9.93,10.25,8032
2020-04-03,10.25,11.2,9.65,10.79,22781
2020-04-07,11.4,12.94,11.4,12.94,74928
2020-04-08,13.7,15.52,13.7,15.52,116860
2020-04-09,17.05,17.07,15.21,15.82,140716
2020-04-13,16.8,17.15,14.4,15.23,68511
2020-04-15,16.3,16.6,15.35,15.41,52128
2020-04-16,16.3,16.3,14.71,15.05,44277
2020-04-17,15.25,15.65,14.53,14.9,29333
2020-04-20,14.9,14.9,13.72,13.88,20581
2020-04-21,13.51,14.75,13.5,14.27,39205
2020-04-22,14.45,14.6,13.95,14.15,21667
2020-04-23,14.35,15.1,14.06,14.84,54934
2020-04-24,15.24,15.5,14.33,14.97,38490
2020-04-27,15.45,15.79,15.11,15.21,32008
2020-04-28,15.45,15.46,14.76,14.81,21356
2020-04-29,15.2,15.5,14.7,14.9,23799
2020-04-30,15.05,15.05,14.1,14.2,18522
2020-05-04,14.0,14.5,13.71,13.76,13756
2020-05-05,13.96,13.96,13.11,13.16,26552
2020-05-06,13.1,13.1,12.7,12.87,7031
2020-05-07,12.86,13.55,12.83,13.47,12388
2020-05-08,13.5,13.9,13.34,13.47,12791
2020-05-11,13.44,13.71,13.0,13.19,8333
2020-05-12,13.0,13.15,12.9,13.03,11329
2020-05-13,13.4,13.5,12.8,13.05,38803
2020-05-14,13.18,14.35,13.18,14.35,132966
2020-05-15,14.95,14.95,13.7,13.78,38964
2020-05-18,13.7,13.99,12.9,12.95,61801
2020-05-19,13.1,13.55,13.0,13.03,11687
2020-05-20,13.1,13.25,12.98,13.2,6687
2020-05-21,13.21,13.4,13.09,13.15,5166
2020-05-22,12.92,13.0,12.65,12.9,9467
2020-05-26,13.0,13.24,12.88,12.91,4452
2020-05-27,13.13,13.13,12.82,12.96,6612
2020-05-28,13.13,13.13,12.8,13.09,4078
2020-05-29,13.09,14.05,12.6,13.22,35871
2020-06-01,13.55,13.64,13.24,13.26,15102
2020-06-02,13.4,13.84,13.35,13.61,24320
2020-06-03,13.89,13.94,13.55,13.64,23107
2020-06-04,13.75,14.7,13.0,14.37,79762
2020-06-05,14.9,15.0,14.33,14.53,33382
2020-06-08,14.9,15.15,14.28,14.69,89484
2020-06-09,14.7,14.95,13.91,14.34,16014
2020-06-10,15.8,17.2,15.6,17.2,249485
2020-06-11,18.0,18.0,15.31,15.44,157483
2020-06-12,14.4,16.4,14.35,16.02,126711
2020-06-15,16.0,16.25,15.65,16.0,41537
2020-06-16,15.7,19.2,15.7,19.14,1954251
2020-06-17,22.96,22.96,18.25,22.9,1486732
2020-06-18,23.0,27.48,23.0,27.48,1330096
2020-06-19,29.8,30.05,24.74,25.85,1403384
2020-06-22,25.85,27.5,24.0,24.97,760161
2020-06-23,26.0,26.5,24.76,25.12,209222
2020-06-24,25.0,25.5,23.0,23.5,413782
2020-06-25,23.0,24.9,21.6,24.25,510460
2020-06-26,24.75,24.75,23.3,23.51,186105
2020-06-29,23.0,23.25,21.8,22.26,185967
2020-06-30,22.58,22.9,21.3,21.53,138050
2020-07-01,22.4,23.65,20.9,23.65,82889
2020-07-02,25.75,25.75,23.35,23.9,199360
2020-07-03,24.8,24.8,22.5,22.95,111504
2020-07-06,22.95,23.8,22.3,22.8,77632
2020-07-07,23.0,23.1,22.05,22.25,58252
2020-07-08,23.0,23.25,22.3,22.45,69505
2020-07-09,22.55,22.75,21.4,22.0,75768
2020-07-10,22.35,23.45,22.0,22.7,75037
2020-07-13,22.45,23.15,21.8,22.05,118066
2020-07-14,22.0,22.0,21.1,21.35,105527
2020-07-15,20.55,21.9,19.35,20.05,73304
2020-07-16,20.55,20.55,18.6,19.15,213767
2020-07-17,18.05,21.05,18.05,20.95,82649
2020-07-20,21.65,21.65,20.0,20.45,111443
2020-07-21,20.5,20.75,20.3,20.35,13887
2020-07-22,20.5,20.5,19.6,19.7,56035
2020-07-23,20.4,20.6,19.7,20.1,36846
2020-07-24,20.25,20.25,19.5,19.75,22968
2020-07-27,19.85,20.15,19.3,19.4,46055
2020-07-28,19.1,21.3,19.0,20.65,38947
2020-07-29,21.55,22.7,21.1,22.4,620944
2020-07-30,21.25,21.65,20.2,20.2,296660
2020-07-31,20.15,21.35,18.7,20.85,215831
2020-08-03,21.25,22.45,20.85,22.15,248678
2020-08-04,22.7,22.85,21.4,22.15,122175
2020-08-05,21.75,22.45,21.6,21.75,67255
2020-08-06,21.3,22.4,21.3,21.85,92900
2020-08-07,22.4,22.4,21.65,21.85,70825
2020-08-10,21.85,23.5,21.65,22.95,253732
2020-08-11,22.9,23.6,22.5,22.65,116018
2020-08-12,23.0,23.0,22.15,22.25,45412
2020-08-13,22.4,23.0,21.65,21.95,84170
2020-08-14,22.0,22.5,20.9,21.45,68647
2020-08-17,21.8,22.5,21.5,22.0,35867
2020-08-18,22.0,22.3,21.6,21.85,61236
2020-08-19,21.85,22.45,21.6,21.95,102628
2020-08-20,21.95,22.9,21.7,22.25,62224
2020-08-21,22.95,22.95,22.3,22.5,95878
2020-08-24,22.75,22.8,22.4,22.5,80372
2020-08-25,22.25,23.75,22.25,23.5,183756
2020-08-26,23.8,24.85,23.75,24.2,172768
2020-08-27,24.65,24.65,23.25,23.5,79033
2020-08-28,24.05,24.05,22.5,23.0,119537
2020-08-31,23.2,23.45,20.7,21.55,171855
2020-09-01,21.1,21.85,20.75,21.25,30133
2020-09-02,21.15,21.95,21.05,21.6,14088
2020-09-03,21.7,21.75,21.2,21.55,33824
2020-09-04,21.4,21.4,20.8,20.9,57985
2020-09-07,21.5,21.5,20.6,20.7,34675
2020-09-08,20.75,21.1,19.9,20.1,51066
2020-09-09,19.85,20.1,19.5,19.85,15147
2020-09-10,20.35,20.95,20.25,20.3,32578
2020-09-11,20.55,21.0,20.4,20.8,11488
2020-09-14,21.15,21.3,20.7,20.8,18393
2020-09-15,20.7,21.7,20.6,21.5,79479
2020-09-16,21.35,21.4,20.95,21.1,13632
2020-09-17,21.15,21.15,20.35,20.5,16818
2020-09-18,21.1,22.55,20.6,22.4,473326
2020-09-21,21.55,23.6,20.8,21.0,273214
2020-09-22,21.0,22.9,19.65,22.8,140599
2020-09-23,23.05,23.8,21.6,21.9,84819
2020-09-24,21.5,21.5,20.5,20.65,75890
2020-09-25,20.1,22.65,20.1,21.95,124460
2020-09-28,22.4,22.9,22.0,22.1,100855
2020-09-29,22.1,22.55,21.7,21.85,40204
2020-09-30,21.95,22.9,21.9,22.65,114315
2020-10-01,23.65,23.65,21.75,21.95,43799
2020-10-05,21.05,21.5,20.4,20.85,67017
2020-10-06,20.25,21.35,20.25,20.9,51272
2020-10-07,20.95,21.3,20.8,20.95,11429
2020-10-08,21.7,22.9,21.4,22.0,127847
2020-10-09,21.8,22.45,21.55,21.65,56732
2020-10-12,21.55,21.95,21.15,21.25,14097
2020-10-13,21.05,21.7,20.8,20.9,36105
2020-10-14,20.8,21.25,20.8,20.85,5032
2020-10-15,21.05,21.3,20.55,20.65,13659
2020-10-16,20.85,21.0,20.55,20.65,36703
2020-10-19,20.95,21.0,20.45,20.5,12553
2020-10-20,20.3,21.4,20.3,20.5,30151
2020-10-21,20.45,20.75,20.2,20.35,21201
2020-10-22,20.3,20.45,20.0,20.15,48577
2020-10-23,21.0,21.0,20.05,20.35,42952
2020-10-26,20.5,20.7,20.0,20.1,27259
2020-10-27,20.25,20.3,19.8,20.05,69269
2020-10-28,19.9,20.05,19.65,19.8,14798
2020-10-29,19.5,19.8,19.5,19.65,10530
2020-10-30,19.75,20.8,19.25,19.45,102738
2020-11-02,19.1,19.35,18.0,18.15,83293
2020-11-03,18.65,18.65,18.0,18.3,20801
2020-11-04,18.45,18.45,17.65,17.7,28101
2020-11-05,18.35,18.35,17.0,17.2,75116
2020-11-06,17.0,17.2,16.55,16.65,77847
2020-11-09,16.85,16.9,16.3,16.4,58651
2020-11-10,16.85,18.15,16.2,17.55,137811
2020-11-11,18.1,18.25,17.25,17.7,79104
2020-11-12,17.35,17.9,17.35,17.85,21996
2020-11-13,17.85,17.9,17.35,17.7,49129
2020-11-14,18.0,18.0,17.4,17.65,14212
2020-11-17,17.9,18.0,17.65,17.65,11062
2020-11-18,17.65,18.95,17.65,18.2,85070
2020-11-19,18.15,18.5,17.85,17.95,75198
2020-11-20,18.3,18.3,17.85,17.95,28101
2020-11-23,17.3,18.25,17.3,18.1,35724
2020-11-24,18.25,18.7,18.25,18.35,33986
2020-11-25,18.75,18.9,18.15,18.2,57862
2020-11-26,18.2,18.45,18.1,18.3,16367
2020-11-27,18.5,18.5,18.2,18.3,53351
2020-12-01,18.4,18.55,18.3,18.4,35378
2020-12-02,18.45,21.75,18.4,21.25,515645
2020-12-03,22.1,22.1,20.2,20.4,207670
2020-12-04,20.4,20.85,19.45,19.9,99664
2020-12-07,20.5,21.4,20.1,20.85,203322
2020-12-08,20.85,20.9,19.95,20.35,76416
2020-12-09,20.1,20.75,20.1,20.4,67981
2020-12-10,20.7,20.7,20.0,20.2,37513
2020-12-11,20.7,20.8,20.05,20.15,130618
2020-12-14,20.6,20.6,20.0,20.15,36016
2020-12-15,20.4,21.95,20.05,21.1,219886
2020-12-16,20.6,21.3,20.6,20.75,45531
2020-12-17,21.1,21.65,20.8,20.85,38248
2020-12-18,20.95,21.1,20.05,20.3,65606
2020-12-21,20.6,23.6,20.05,20.5,601361
2020-12-22,20.25,21.5,19.3,20.8,145646
2020-12-23,20.8,22.3,20.8,22.05,166849
2020-12-24,22.2,22.55,21.25,21.5,69548
2020-12-28,22.45,22.45,21.4,21.5,28070
2020-12-29,21.65,22.5,21.2,22.05,133150
2020-12-30,21.6,22.1,21.45,21.7,28714
2020-12-31,21.55,24.85,21.45,23.95,676273
2021-01-01,23.4,24.0,23.1,23.25,137265
2021-01-04,23.25,24.25,23.25,23.5,146261
2021-01-05,23.9,23.9,23.0,23.15,57080
2021-01-06,23.0,23.3,22.3,22.6,102103
2021-01-07,23.0,24.15,22.45,23.55,222927
2021-01-08,23.9,24.85,23.3,23.5,280812
2021-01-11,23.75,23.85,22.5,22.7,69947
2021-01-12,23.25,23.4,22.75,22.95,60288
2021-01-13,23.65,23.65,22.5,22.75,74104
2021-01-14,22.95,23.3,22.65,22.65,27645
2021-01-15,23.4,23.4,22.2,22.3,15856
2021-01-18,22.9,22.9,21.6,21.8,46999
2021-01-19,21.7,22.5,21.7,22.2,40043
2021-01-20,22.2,22.85,22.0,22.15,44011
2021-01-21,22.8,22.8,21.6,21.65,37269
2021-01-22,21.65,21.65,20.9,21.05,62678
2021-01-25,21.9,21.9,20.1,20.35,28752
2021-01-27,20.9,20.9,19.75,19.85,25680
2021-01-28,19.5,21.4,19.5,21.05,30036
2021-01-29,21.2,21.4,20.4,20.6,18040
2021-02-01,20.6,20.9,20.3,20.45,36285
2021-02-02,20.55,21.3,20.55,20.85,42645
2021-02-03,20.65,21.65,20.65,20.85,75601
2021-02-04,20.95,21.45,20.85,21.0,14306
2021-02-05,21.2,21.25,20.7,20.75,22528
2021-02-08,20.9,21.3,20.65,20.7,20280
2021-02-09,21.25,21.25,20.25,20.4,22026
2021-02-10,20.5,20.7,20.25,20.3,18924
2021-02-11,20.55,21.0,20.4,20.6,19377
2021-02-12,20.6,20.9,20.3,20.4,10336
2021-02-15,20.0,20.4,19.25,19.45,121019
2021-02-16,19.5,19.65,18.9,19.15,73529
2021-02-17,19.05,19.7,19.05,19.3,39602
2021-02-18,19.3,19.45,19.05,19.1,13181
2021-02-19,19.2,21.6,19.15,20.5,188277
2021-02-22,20.95,20.95,19.8,19.9,23996
2021-02-23,19.3,20.3,19.3,19.55,37400
2021-02-24,19.65,20.1,19.0,19.85,72174
2021-02-25,20.15,20.95,19.75,20.25,55867
2021-02-26,20.6,20.75,19.8,19.95,100334
2021-03-01,20.55,21.0,20.25,20.35,51696
2021-03-02,20.8,20.8,19.9,20.1,45722
2021-03-03,20.25,21.45,20.05,20.85,134805
2021-03-04,20.1,20.65,20.1,20.35,37003
2021-03-05,20.95,20.95,19.9,19.95,47925
2021-03-08,20.2,22.65,19.9,22.15,283463
2021-03-09,22.35,23.4,21.1,21.3,179207
2021-03-10,21.75,23.0,21.5,22.0,302528
2021-03-12,22.9,22.9,21.2,21.4,133589
2021-03-15,21.7,21.7,20.4,20.75,82823
2021-03-16,20.8,21.1,20.3,20.4,41491
2021-03-17,20.3,20.6,19.85,19.95,36942
2021-03-18,20.75,20.75,19.3,19.5,57372
2021-03-19,19.25,19.7,18.6,19.35,60291
2021-03-22,20.35,20.35,19.6,19.7,14009
2021-03-23,19.6,20.0,18.7,19.15,28930
2021-03-24,19.4,19.95,19.15,19.25,59971
2021-03-25,19.3,19.55,18.55,18.85,23864
2021-03-26,19.2,19.3,18.7,18.7,29578
2021-03-30,19.0,19.25,18.75,19.05,42907
2021-03-31,19.0,19.3,18.5,18.6,22607
2021-04-01,18.9,19.7,18.9,19.25,31146
2021-04-05,19.25,19.45,18.7,18.85,26709
2021-04-06,18.85,19.5,18.85,19.05,9227
2021-04-07,19.4,19.55,18.55,18.9,49229
2021-04-08,19.25,19.25,18.95,19.0,19661
2021-04-09,19.0,20.25,18.95,19.75,109552
2021-04-12,19.75,20.25,18.85,18.9,114718
2021-04-13,19.1,19.8,19.0,19.45,22448
2021-04-15,19.5,19.8,19.05,19.15,27761
2021-04-16,19.3,19.8,19.15,19.5,79922
2021-04-19,19.85,19.85,19.2,19.25,42275
2021-04-20,19.65,22.6,19.65,21.75,471531
2021-04-22,22.8,26.1,22.5,26.1,1201290
2021-04-23,27.95,29.45,25.1,25.85,1168876
2021-04-26,25.55,26.7,24.3,24.75,377935
2021-04-27,24.7,25.7,24.4,24.6,144254
2021-04-28,24.4,27.15,23.2,26.7,338245
2021-04-29,27.0,27.35,25.6,25.85,178088
2021-04-30,25.35,25.75,24.6,25.0,107805
2021-05-03,24.6,26.9,24.6,26.35,234103
2021-05-04,26.9,27.3,24.8,25.1,262096
2021-05-05,24.75,26.95,24.75,26.0,259306
2021-05-06,26.2,26.5,25.5,25.8,99476
2021-05-07,25.0,26.35,25.0,25.5,102908
2021-05-10,25.2,26.7,25.2,26.1,160717
2021-05-11,25.65,31.3,25.65,31.3,813637
2021-05-12,32.35,33.15,29.7,30.95,723480
2021-05-14,31.45,31.7,28.2,29.35,390265
2021-05-17,30.9,30.9,28.9,29.05,82741
2021-05-18,30.25,30.25,27.5,28.1,112728
2021-05-19,28.45,30.9,28.45,30.3,295064
2021-05-20,30.7,30.7,29.1,29.25,110928
2021-05-21,29.5,30.3,29.4,29.55,163981
2021-05-24,30.15,30.15,28.95,29.1,79360
2021-05-25,29.5,29.7,28.4,28.5,86417
2021-05-26,28.5,31.35,28.5,31.35,106017
2021-05-27,33.0,34.1,31.0,33.1,435456
2021-05-28,34.0,34.25,31.4,31.65,201334
2021-05-31,32.2,32.6,30.75,31.05,72601
2021-06-01,31.0,31.5,29.55,29.9,68542
2021-06-02,29.65,31.35,29.4,30.4,150744
2021-06-03,31.5,33.4,30.6,32.45,376855
2021-06-04,32.75,35.65,31.75,33.7,413317
2021-06-07,35.0,36.55,34.15,35.45,554316
2021-06-08,36.55,37.7,34.5,36.8,396167
2021-06-09,37.1,39.55,36.0,37.0,586724
2021-06-10,38.7,38.7,37.05,37.95,302845
2021-06-11,38.9,43.1,38.35,40.45,1177944
2021-06-14,40.85,43.25,37.45,41.95,762614
2021-06-15,42.3,43.3,41.1,41.7,378060
2021-06-16,40.25,41.9,39.5,39.7,352892
2021-06-17,38.8,42.6,38.8,41.2,459510
2021-06-18,42.95,44.05,39.2,41.8,760675
2021-06-21,40.95,44.8,40.4,44.2,595419
2021-06-22,45.8,46.35,43.35,43.95,902628
2021-06-23,43.1,44.6,42.0,42.3,136224
2021-06-24,43.0,43.0,39.55,40.0,314533
2021-06-25,40.0,41.65,39.2,40.1,115072
2021-06-28,41.75,41.75,39.25,39.85,100086
2021-06-29,39.35,42.0,39.3,40.85,241073
2021-06-30,40.15,41.7,39.85,40.2,157398
2021-07-01,40.3,41.25,39.95,40.05,108904
2021-07-02,40.35,40.9,40.0,40.35,101866
2021-07-05,40.9,44.2,40.05,42.95,417698
2021-07-06,43.3,46.2,43.15,45.1,512642
2021-07-07,45.5,45.85,44.35,44.8,124634
2021-07-08,45.0,45.95,43.3,45.55,189443
2021-07-09,45.9,46.95,44.2,46.5,320678
2021-07-12,48.4,48.4,43.55,43.9,460645
2021-07-13,44.4,45.5,43.75,44.2,106011
2021-07-14,45.7,45.7,42.75,42.85,142690
2021-07-15,42.85,43.4,40.9,41.15,115024
2021-07-16,40.8,42.4,40.45,40.75,107992
2021-07-19,40.35,40.95,39.65,39.85,75919
2021-07-20,40.15,40.45,37.5,38.1,140186
2021-07-22,38.7,43.9,38.3,42.45,278204
2021-07-23,43.0,43.05,39.1,40.1,220617
2021-07-26,39.5,39.55,37.95,38.3,185217
2021-07-27,38.3,40.25,37.8,38.6,102356
2021-07-28,39.3,39.3,36.3,37.05,129308
2021-07-29,37.1,37.55,34.65,35.25,123544
2021-07-30,35.9,36.45,34.9,35.2,61941
2021-08-02,35.3,35.75,34.4,35.05,100743
2021-08-03,35.5,35.5,33.7,33.85,97142
2021-08-04,34.4,34.75,31.2,32.15,117250
2021-08-05,32.15,32.6,30.2,31.55,100020
2021-08-06,32.6,34.25,31.8,34.0,94884
2021-08-09,34.1,34.2,32.05,32.35,116009
2021-08-10,31.75,32.95,29.3,29.85,204707
2021-08-11,30.0,30.0,26.85,29.55,295684
2021-08-12,30.6,32.6,30.45,32.15,136561
2021-08-13,32.45,32.5,30.8,31.0,130855
2021-08-16,32.6,32.6,29.35,30.05,142665
2021-08-17,30.45,32.95,29.7,32.0,186587
2021-08-18,31.3,32.55,30.7,31.0,90631
2021-08-20,31.0,31.3,29.0,29.25,51315
2021-08-23,29.2,30.5,27.75,28.05,97608
2021-08-24,28.15,29.4,28.05,29.0,73026
2021-08-25,29.5,31.4,29.45,30.8,64896
2021-08-26,30.85,32.45,30.65,31.8,125611
2021-08-27,31.8,32.35,30.9,31.55,139717
2021-08-30,31.1,32.1,30.95,31.2,34255
2021-08-31,31.2,31.35,30.3,30.55,73833
2021-09-01,30.6,31.15,29.55,29.85,90737
2021-09-02,30.25,31.35,29.95,30.3,49003
2021-09-03,30.05,30.7,29.8,30.1,34533
2021-09-06,29.05,30.45,29.05,29.6,47312
2021-09-07,29.7,30.35,29.35,29.75,36233
2021-09-08,29.3,30.1,29.25,29.45,59253
2021-09-09,29.3,29.95,29.3,29.55,41826
2021-09-13,29.1,29.8,28.6,29.15,55434
2021-09-14,29.35,29.95,29.3,29.7,34866
2021-09-15,29.2,31.7,29.2,30.9,174242
2021-09-16,30.9,31.4,30.25,30.45,58132
2021-09-17,30.5,30.5,29.2,29.5,50600
2021-09-20,28.9,29.95,28.9,29.1,35420
2021-09-21,28.3,29.45,28.05,28.45,51470
2021-09-22,28.75,29.85,28.6,29.1,21542
2021-09-23,29.8,29.9,28.8,29.15,21319
2021-09-24,30.05,30.8,29.45,29.6,144209
2021-09-27,30.7,30.7,29.1,29.3,47156
2021-09-28,29.5,30.75,29.0,29.45,77692
2021-09-29,29.9,29.9,29.2,29.35,42461
2021-09-30,29.7,30.2,29.1,29.45,25804
2021-10-01,29.35,30.2,29.1,29.85,110599
2021-10-04,29.85,30.75,29.15,29.9,153862
2021-10-05,29.55,30.4,29.55,30.0,89144
2021-10-06,29.7,34.0,29.7,32.95,569451
2021-10-07,33.3,33.6,31.5,31.75,225842
2021-10-08,32.2,32.8,31.85,31.95,85852
2021-10-11,32.6,32.6,31.3,31.45,60095
2021-10-12,31.5,31.8,30.45,30.65,69684
2021-10-13,31.9,31.9,30.6,30.7,58207
2021-10-14,30.85,31.2,30.3,30.4,48549
2021-10-18,30.35,30.85,30.3,30.35,30425
2021-10-19,30.45,30.6,29.2,29.3,49190
2021-10-20,29.45,29.75,28.4,28.7,65049
2021-10-21,29.6,29.6,26.8,27.95,27869
2021-10-22,28.75,28.8,27.65,27.85,36799
2021-10-25,27.8,27.8,26.4,26.8,41587
2021-10-26,26.6,27.45,26.55,26.95,59829
2021-10-27,27.05,28.15,26.8,27.3,84852
2021-10-28,27.9,27.9,26.65,26.7,35586
2021-10-29,26.35,26.8,26.15,26.55,26628
2021-11-01,26.5,26.75,26.2,26.4,38691
2021-11-02,26.5,27.9,26.4,27.15,41147
2021-11-03,27.25,27.4,26.5,26.6,28782
2021-11-04,26.1,27.15,26.1,27.0,15405
2021-11-08,27.8,27.8,26.75,26.9,23836
2021-11-09,26.8,27.3,26.8,26.85,35940
2021-11-10,27.6,27.6,26.65,26.75,37546
2021-11-11,27.75,27.75,26.4,26.55,30353
2021-11-12,26.7,26.75,25.6,25.8,55624
2021-11-15,26.35,26.4,24.85,25.3,49888
2021-11-16,25.9,25.9,24.9,25.2,41892
2021-11-17,25.65,25.7,24.9,25.0,29010
2021-11-18,25.05,25.1,24.0,24.35,55567
2021-11-22,24.9,24.9,23.15,23.5,18905
2021-11-23,23.7,24.75,23.3,24.6,7946
2021-11-24,24.6,25.75,24.6,24.95,43911
2021-11-25,24.9,25.75,24.1,25.45,120590
2021-11-26,25.25,26.25,24.3,25.05,108977
2021-11-29,24.65,25.35,23.65,23.8,46999
2021-11-30,24.5,24.6,23.5,23.65,29151
2021-12-01,24.1,24.5,23.1,23.6,220361
2021-12-02,23.65,24.25,23.5,23.75,43204
2021-12-03,24.45,25.65,23.75,25.25,55865
2021-12-06,25.85,25.95,24.5,24.6,33078
2021-12-07,24.8,25.45,24.5,24.8,25523
2021-12-08,25.25,25.45,24.7,25.0,28576
2021-12-09,25.25,26.5,25.0,26.05,98356
2021-12-10,26.9,27.9,26.15,27.65,46915
2021-12-13,28.6,28.6,26.75,26.85,33584
2021-12-14,27.0,27.6,26.35,27.0,40372
2021-12-15,27.95,31.05,26.75,29.1,215498
2021-12-16,30.45,30.45,25.45,26.4,265519
2021-12-17,26.5,29.05,25.5,27.9,185712
2021-12-20,28.9,28.9,26.05,26.45,54845
2021-12-21,27.85,27.85,26.0,26.1,43049
2021-12-22,26.8,27.55,25.95,26.85,39535
2021-12-23,26.85,27.1,26.35,26.45,67114
2021-12-24,26.5,26.5,25.8,26.25,34128
2021-12-27,26.1,27.2,26.05,26.4,73963
2021-12-28,26.2,26.85,26.2,26.45,67944
2021-12-29,26.9,27.4,26.1,26.95,145509
2021-12-30,27.6,27.9,26.85,27.1,139113
2021-12-31,27.4,27.5,26.7,26.85,71226
2022-01-03,26.9,29.0,26.9,28.45,309390
2022-01-04,28.9,29.2,27.75,28.25,85053
2022-01-05,28.25,32.05,27.85,30.7,704728
2022-01-06,30.8,31.7,29.55,30.9,203724
2022-01-07,32.15,33.6,31.2,32.9,743075
2022-01-10,33.5,34.1,33.05,33.8,224895
2022-01-11,34.2,34.2,31.9,32.45,254581
2022-01-12,32.6,33.75,31.25,31.4,154148
2022-01-13,32.0,32.15,31.15,31.3,113425
2022-01-14,30.65,31.3,30.15,30.6,167271
2022-01-17,31.2,36.7,30.55,36.7,947263
2022-01-18,38.0,38.95,35.45,36.05,1109951
2022-01-19,34.0,36.15,34.0,34.65,315598
2022-01-20,34.5,38.25,34.5,36.75,381497
2022-01-21,36.7,36.85,33.6,34.15,221686
2022-01-24,34.35,34.35,31.2,32.4,139261
2022-01-25,32.0,33.0,30.5,32.15,149858
2022-01-27,32.4,33.75,32.3,32.7,80379
2022-01-28,33.0,34.1,32.5,32.8,87104
2022-01-31,33.8,33.8,32.05,32.45,162571
2022-02-01,32.9,32.9,30.45,31.6,104388
2022-02-02,31.1,33.45,31.1,32.5,81803
2022-02-03,32.45,33.35,32.2,32.9,112984
2022-02-04,32.0,35.85,32.0,34.8,118421
2022-02-07,35.1,35.95,33.1,33.55,184684
2022-02-08,34.25,34.25,31.55,32.35,61185
2022-02-09,32.5,33.15,32.1,32.7,105046
2022-02-10,32.7,33.1,32.0,32.4,72829
2022-02-11,32.45,32.85,31.5,31.7,78377
2022-02-14,32.35,32.35,29.7,30.05,43893
2022-02-15,30.4,32.3,30.1,31.25,113361
2022-02-16,31.9,32.2,31.15,31.3,48316
2022-02-17,31.6,31.9,30.55,30.8,31323
2022-02-18,31.0,31.15,30.05,30.2,15840
2022-02-21,29.85,30.2,28.8,29.05,100791
2022-02-22,28.0,28.0,26.75,27.45,116747
2022-02-23,27.8,29.65,27.6,28.65,85530
2022-02-24,26.2,27.95,24.9,25.3,220625
2022-02-25,25.05,27.4,25.05,27.05,125235
2022-02-28,27.0,27.25,26.3,26.85,78284
2022-03-02,26.6,27.6,26.35,26.7,63667
2022-03-03,27.5,27.7,26.7,26.8,34227
2022-03-04,26.1,27.15,26.1,26.35,58074
2022-03-07,26.15,26.15,25.1,25.35,22760
2022-03-08,25.65,26.5,25.5,26.2,16856
2022-03-09,26.7,28.35,26.25,27.85,90771
2022-03-10,30.0,30.0,28.15,28.3,29174
2022-03-11,28.7,28.7,27.85,28.05,28071
2022-03-14,28.55,28.55,26.8,27.1,75357
2022-03-15,27.7,27.85,26.85,27.05,33603
2022-03-16,27.35,27.65,27.0,27.05,40758
2022-03-17,27.85,27.9,27.3,27.5,43688
2022-03-21,28.2,28.4,27.55,27.9,72287
2022-03-22,27.85,28.25,27.2,27.55,44334
2022-03-23,28.3,28.3,27.5,27.55,41674
2022-03-24,27.05,27.9,27.0,27.15,51638
2022-03-25,27.5,27.5,26.5,26.7,72710
2022-03-28,26.9,26.95,25.4,25.5,114002
2022-03-29,25.5,25.9,24.2,24.4,134089
2022-03-30,24.2,25.25,24.2,24.55,101181
2022-03-31,24.7,24.75,23.9,24.05,27756
2022-04-01,24.0,26.7,23.9,26.35,113140
2022-04-04,26.9,27.0,26.3,26.65,34367
2022-04-05,26.65,28.7,26.65,28.1,170443
2022-04-06,28.8,29.4,27.7,28.7,144832
2022-04-07,29.3,29.9,28.3,28.45,59742
2022-04-08,28.9,34.1,28.75,32.4,747418
2022-04-11,32.6,32.95,30.8,31.1,213057
2022-04-12,31.2,31.45,28.85,30.25,401016
2022-04-13,29.9,31.6,29.9,30.65,65409
2022-04-18,30.5,32.2,30.05,31.5,165495
2022-04-19,32.25,32.4,28.8,30.55,61958
2022-04-20,30.0,31.45,29.75,30.5,77851
2022-04-21,31.25,32.25,30.8,31.15,66547
2022-04-22,31.8,32.25,30.8,31.0,136128
2022-04-25,30.3,30.65,29.5,29.65,117055
2022-04-26,30.5,30.55,29.45,29.8,66750
2022-04-27,29.9,29.95,28.7,29.1,129772
2022-04-28,29.0,30.15,28.25,28.6,97843
2022-04-29,28.15,29.35,28.15,28.5,72922
2022-05-02,27.85,28.45,27.65,27.9,75237
2022-05-04,28.6,28.65,26.4,27.65,113550
2022-05-05,28.6,28.6,27.0,27.45,49889
2022-05-06,26.9,27.3,26.3,26.8,187391
2022-05-09,26.95,26.95,26.05,26.3,179446
2022-05-10,26.4,26.9,25.65,25.95,132630
2022-05-11,26.35,26.5,24.2,24.7,116786
2022-05-12,22.65,25.6,22.65,24.0,134761
2022-05-13,24.8,25.4,24.05,24.6,82227
2022-05-16,25.0,25.95,24.7,25.25,73826
2022-05-17,25.4,26.2,25.0,26.1,113380
2022-05-18,26.2,27.0,25.85,26.35,36842
2022-05-19,25.7,26.0,25.25,25.35,37415
2022-05-20,25.95,26.3,25.7,26.05,33412
2022-05-23,26.0,26.15,25.45,25.55,37737
2022-05-24,26.5,26.5,25.3,25.4,52520
2022-05-25,25.65,25.65,24.5,24.55,38702
2022-05-26,24.15,24.8,23.6,24.2,35595
2022-05-27,24.9,25.5,24.4,25.35,26040
2022-05-30,25.45,25.9,24.85,25.55,22755
2022-05-31,27.95,27.95,26.0,26.25,68626
2022-06-01,26.25,26.95,25.95,26.1,45107
2022-06-02,26.1,26.55,25.65,25.85,55369
2022-06-03,26.35,26.55,25.3,25.65,20286
2022-06-06,25.8,25.8,25.1,25.35,23786
2022-06-07,24.75,25.35,24.5,24.55,28990
2022-06-08,24.9,25.25,24.6,24.8,20584
2022-06-09,24.7,25.4,24.7,25.0,14184
2022-06-10,24.75,25.3,24.65,24.75,18577
2022-06-13,24.3,24.65,23.8,24.05,20384
2022-06-14,23.9,24.3,23.7,23.75,19107
2022-06-15,24.0,24.2,23.75,23.85,17072
2022-06-16,24.3,24.4,22.4,22.9,30629
2022-06-17,23.0,23.0,21.7,22.45,25518
2022-06-20,21.1,22.85,20.75,20.9,38148
2022-06-21,21.8,22.6,21.35,22.3,28266
2022-06-22,22.35,22.55,21.65,21.9,14751
2022-06-23,22.15,23.75,22.15,23.1,32995
2022-06-24,23.9,23.9,22.85,23.1,21488
2022-06-27,23.45,23.75,22.85,23.1,11141
2022-06-28,23.0,23.35,22.65,23.2,25123
2022-06-29,22.75,23.35,22.75,23.25,15803
2022-06-30,23.25,24.1,22.95,23.3,23950
2022-07-01,23.2,23.35,22.9,23.25,3933
2022-07-04,23.35,23.55,22.8,22.9,11445
2022-07-05,23.2,23.45,23.0,23.0,5876
2022-07-06,23.0,23.45,23.0,23.1,6606
2022-07-07,23.65,24.65,23.4,24.1,59693
2022-07-08,24.35,24.5,23.7,23.75,7578
2022-07-11,23.7,24.5,23.45,24.2,11762
2022-07-12,23.6,24.7,23.6,24.2,15849
2022-07-13,24.3,25.05,24.1,24.5,25323
2022-07-14,24.45,25.2,24.2,24.5,25680
2022-07-15,24.65,24.65,24.05,24.1,15162
2022-07-18,24.35,24.5,24.05,24.15,16407
2022-07-19,23.3,25.1,23.3,25.05,8719
2022-07-20,25.25,25.4,24.5,24.65,21367
2022-07-21,24.95,24.95,24.6,24.85,7060
2022-07-22,24.8,24.9,23.75,24.3,19112
2022-07-25,24.35,24.65,24.05,24.15,10167
2022-07-26,24.0,24.25,23.65,23.8,17345
2022-07-27,23.8,24.0,23.5,23.7,18015
2022-07-28,23.8,24.05,23.55,23.65,22147
2022-07-29,23.75,24.05,23.55,23.85,34129
2022-08-01,23.35,24.3,23.35,24.05,28153
2022-08-02,24.1,24.8,23.6,24.6,24660
2022-08-03,24.4,24.8,24.0,24.1,30125
2022-08-04,24.15,24.8,23.5,24.35,13680
2022-08-05,24.45,24.75,24.0,24.05,12600
2022-08-08,24.2,24.85,24.15,24.45,17206
2022-08-10,24.65,24.65,24.05,24.4,8917
2022-08-11,24.2,24.55,23.9,24.25,11618
2022-08-12,24.8,24.8,24.15,24.5,24327
2022-08-16,24.6,24.95,23.55,24.0,49516
2022-08-17,24.0,24.65,22.7,23.0,75456
2022-08-18,23.1,23.4,22.3,23.15,49823
2022-08-19,23.25,23.7,23.05,23.25,34960
2022-08-22,23.95,23.95,22.8,22.95,39430
2022-08-23,22.7,23.25,22.1,22.65,61646
2022-08-24,22.75,23.0,22.75,22.85,11549
2022-08-25,23.2,23.55,23.0,23.15,32449
2022-08-26,23.7,23.7,22.8,22.95,46774
2022-08-29,22.1,23.0,22.1,22.85,33967
2022-08-30,23.1,23.4,22.8,22.9,64695
2022-09-01,22.8,23.15,22.65,22.8,52003
2022-09-02,22.9,24.55,22.9,24.15,102454
2022-09-05,24.55,24.55,23.1,23.2,87435
2022-09-06,23.95,23.95,22.8,22.95,59146
2022-09-07,23.0,23.8,22.8,22.9,83718
2022-09-08,23.35,23.5,23.05,23.15,111358
2022-09-09,23.05,24.3,22.8,24.15,176019
2022-09-12,23.85,24.95,23.85,24.3,83881
2022-09-13,24.15,24.45,23.75,24.05,35526
2022-09-14,23.7,25.7,23.6,25.15,158748
2022-09-15,25.95,25.95,24.8,24.9,24710
2022-09-16,24.5,25.1,23.55,23.7,19759
2022-09-19,23.9,24.25,23.5,23.6,21054
2022-09-20,23.75,24.0,23.5,23.55,20686
2022-09-21,23.7,23.75,23.15,23.2,14629
2022-09-22,23.1,23.45,23.05,23.25,29753
2022-09-23,23.1,23.5,22.7,22.8,36802
2022-09-26,22.5,23.15,20.95,21.35,41838
2022-09-27,22.0,22.0,20.7,20.95,70290
2022-09-28,20.75,21.4,20.6,20.8,7372
2022-09-29,20.95,21.25,20.8,20.9,10025
2022-09-30,20.5,21.3,20.25,21.0,27831
2022-10-03,23.55,23.55,21.1,21.2,34108
2022-10-04,21.55,21.75,21.45,21.55,15866
2022-10-06,22.0,22.05,21.7,21.7,11229
2022-10-07,22.2,22.6,21.8,22.3,20371
2022-10-10,21.95,22.4,21.95,22.2,13504
2022-10-11,22.05,22.2,21.75,21.8,16886
2022-10-12,22.0,22.15,21.3,21.65,10672
2022-10-13,21.4,21.8,21.25,21.3,14033
2022-10-14,21.6,21.75,21.1,21.2,19248
2022-10-17,20.75,21.45,20.75,21.15,10216
2022-10-18,21.3,21.6,21.3,21.5,3962
2022-10-19,21.55,22.2,21.3,21.7,27344
2022-10-20,21.8,21.95,21.4,21.6,16169
2022-10-21,21.25,21.95,21.25,21.4,16105
2022-10-24,21.5,21.8,21.5,21.75,6596
2022-10-25,21.8,21.8,21.0,21.4,22611
2022-10-27,21.5,22.05,21.3,21.55,34336
2022-10-28,21.55,21.7,21.45,21.7,9251
2022-10-31,22.0,22.0,21.15,21.35,33386
2022-11-01,21.4,21.5,21.05,21.4,10150
2022-11-02,21.55,21.6,21.15,21.25,31434
2022-11-03,21.25,21.45,21.15,21.25,11530
2022-11-04,21.25,21.45,20.8,21.1,38862
2022-11-07,21.25,21.35,21.0,21.1,30227
2022-11-09,20.8,21.4,20.8,21.25,19727
2022-11-10,21.25,21.35,21.0,21.1,14925
2022-11-11,20.5,21.65,20.5,21.25,44419
2022-11-14,21.0,21.9,21.0,21.45,5604
2022-11-15,21.15,21.3,20.5,20.65,55291
2022-11-16,20.75,21.1,20.6,20.7,46641
2022-11-17,20.25,20.8,20.1,20.35,28753
2022-11-18,20.35,20.5,20.2,20.25,27133
2022-11-21,20.25,20.3,19.5,19.85,58734
2022-11-22,20.0,20.1,19.85,19.95,12060
2022-11-23,20.15,20.25,19.85,19.9,35846
2022-11-24,20.25,20.35,19.65,20.1,21714
2022-11-25,20.25,21.7,20.1,21.1,153183
2022-11-28,21.9,21.9,21.1,21.15,45813
2022-11-29,20.5,21.5,20.5,20.95,7460
2022-11-30,20.8,21.2,20.8,21.0,8629
2022-12-01,21.25,21.6,20.9,21.15,60417
2022-12-02,21.2,21.55,20.95,21.25,33818
2022-12-05,21.0,23.35,21.0,22.9,270584
2022-12-06,22.25,23.85,22.25,23.25,39159
2022-12-07,23.0,23.3,22.6,22.85,36365
2022-12-08,22.5,22.95,22.4,22.45,22346
2022-12-09,22.0,23.3,21.3,21.65,44244
2022-12-12,22.25,24.5,21.7,23.35,99185
2022-12-13,23.35,23.9,22.95,23.35,51223
2022-12-14,23.7,23.7,22.45,23.0,44488
2022-12-15,23.8,24.3,23.0,23.25,142409
2022-12-16,22.7,23.4,22.7,22.85,38485
2022-12-19,22.8,23.5,22.75,23.1,26627
2022-12-20,23.5,23.5,22.5,22.8,24934
2022-12-21,23.0,24.0,21.25,22.15,107487
2022-12-22,22.5,25.25,22.5,23.95,571285
2022-12-23,24.0,28.05,24.0,27.4,923807
2022-12-26,29.0,30.55,25.05,25.5,283801
2022-12-27,25.8,25.8,23.75,24.0,345968
2022-12-28,24.35,25.6,24.1,24.65,101586
2022-12-29,24.2,26.35,24.2,25.35,200963
2022-12-30,25.5,25.55,24.2,24.45,35624
2023-01-02,24.15,24.85,23.6,23.85,51463
2023-01-03,24.15,24.5,23.15,23.75,76378
2023-01-04,23.5,24.4,23.5,24.0,39383
2023-01-05,23.7,24.1,23.4,23.55,61154
2023-01-06,23.8,23.8,22.7,22.95,59615
2023-01-09,22.5,23.7,22.5,22.85,15718
2023-01-10,22.65,23.15,22.65,23.0,20246
2023-01-11,23.25,23.55,22.85,22.95,53819
2023-01-12,22.7,23.35,22.4,22.55,33128
2023-01-13,22.55,22.9,21.9,22.2,17725
2023-01-16,22.05,22.4,22.05,22.2,23396
2023-01-17,21.9,22.25,21.4,21.85,68720
2023-01-18,21.9,22.35,21.5,22.05,33518
2023-01-19,22.25,22.8,22.0,22.3,29630
2023-01-20,22.5,22.5,21.7,21.9,38835
2023-01-23,21.65,22.05,21.25,21.45,65820
2023-01-24,21.2,21.85,21.2,21.35,26998
2023-01-25,20.55,21.4,20.55,20.9,60776
2023-01-27,20.75,21.2,20.35,20.5,9483
2023-01-30,20.25,20.85,20.2,20.25,15512
2023-01-31,20.15,20.65,19.8,20.3,45572
2023-02-01,20.45,20.9,19.75,20.0,43807
2023-02-02,20.0,20.35,19.55,19.9,31258
2023-02-03,19.9,20.05,19.0,19.4,49483
2023-02-06,19.0,19.6,19.0,19.25,36229
2023-02-07,19.2,19.55,19.05,19.1,36257
2023-02-08,19.35,19.35,18.85,19.0,40898
2023-02-09,19.3,19.7,19.1,19.45,18704
2023-02-10,19.6,19.6,18.95,19.0,21662
2023-02-13,19.2,19.2,18.3,18.6,44547
2023-02-14,18.8,18.8,18.15,18.5,8696
2023-02-15,18.6,18.65,18.2,18.5,7640
2023-02-16,18.45,18.55,18.3,18.45,23115
2023-02-17,18.5,18.6,18.25,18.5,17265
2023-02-20,18.9,18.9,17.7,17.75,51953
2023-02-21,17.75,17.9,17.45,17.55,21286
2023-02-22,17.5,17.6,17.1,17.3,39237
2023-02-23,17.3,17.45,17.1,17.3,13830
2023-02-24,17.9,17.9,17.25,17.3,12458
2023-02-27,17.0,17.25,16.75,17.1,37022
2023-02-28,17.2,18.65,17.2,17.3,14400
2023-03-01,17.25,17.85,17.0,17.43,18959
2023-03-02,17.1,17.63,17.1,17.43,4063
2023-03-03,17.1,17.75,17.0,17.3,28198
2023-03-06,17.22,18.0,17.22,17.59,24349
2023-03-08,17.5,17.83,17.43,17.58,19261
2023-03-09,17.85,18.75,17.78,18.12,23246
2023-03-10,17.7,18.15,17.65,17.7,27492
2023-03-13,17.7,17.82,17.0,17.1,37600
2023-03-14,17.2,17.3,16.81,16.87,7732
2023-03-15,17.18,17.35,16.35,16.57,34962
2023-03-16,16.42,16.63,15.89,16.29,67501
2023-03-17,16.2,16.63,15.93,16.27,50428
2023-03-20,16.35,16.4,16.08,16.27,26524
2023-03-21,15.95,16.53,15.95,16.23,50778
2023-03-22,16.27,16.57,16.2,16.32,14440
2023-03-23,16.3,16.98,16.3,16.55,27462
2023-03-24,16.6,16.9,16.15,16.24,49200
2023-03-27,16.0,16.33,15.3,15.46,58253
2023-03-28,15.77,15.77,14.52,14.6,45522
2023-03-29,14.36,15.23,14.36,15.02,31365
2023-03-31,15.0,16.2,15.0,15.86,77536
2023-04-03,16.18,16.48,15.85,16.39,15199
2023-04-05,16.39,16.96,16.3,16.7,17469
2023-04-06,16.9,16.98,16.45,16.48,14716
2023-04-10,16.83,17.28,16.77,16.93,12232
2023-04-11,17.17,17.18,16.83,17.0,6759
2023-04-12,17.0,18.0,16.81,17.79,41038
2023-04-13,18.24,18.24,17.45,17.5,6390
2023-04-17,17.56,17.86,17.23,17.34,8417
2023-04-18,17.85,17.85,17.25,17.52,6451
2023-04-19,17.55,18.0,17.4,17.52,11671
2023-04-20,17.78,18.0,17.57,17.75,2719
2023-04-21,17.98,17.98,17.25,17.48,10648
2023-04-24,17.9,17.9,16.82,17.1,22987
2023-04-25,17.0,17.7,17.0,17.13,12465
2023-04-26,17.28,17.67,17.28,17.6,1555
2023-04-27,17.62,17.82,17.55,17.72,11995
2023-04-28,17.97,18.45,17.57,18.3,37613
2023-05-02,17.66,18.45,17.22,17.96,88986
2023-05-03,17.94,18.34,17.75,17.97,17111
2023-05-04,18.0,18.4,18.0,18.25,12814
2023-05-05,18.07,18.29,17.75,17.89,23172
2023-05-08,17.95,18.29,17.7,17.88,16683
2023-05-09,18.5,18.5,17.32,17.53,20880
2023-05-10,17.93,17.93,17.0,17.11,29608
2023-05-11,16.8,17.38,16.8,17.11,16796
2023-05-12,17.0,17.27,16.9,17.0,17330
2023-05-15,17.0,17.35,16.72,17.28,19232
2023-05-16,16.95,17.6,16.95,17.15,21839
2023-05-17,17.3,17.38,17.0,17.18,9550
2023-05-18,17.12,17.23,16.92,16.95,5000
2023-05-19,16.93,16.93,16.62,16.69,5837
2023-05-22,16.65,17.04,16.61,16.66,10986
2023-05-23,16.6,17.07,16.6,16.71,12877
2023-05-24,16.46,16.9,16.35,16.7,10650
2023-05-25,16.5,16.99,16.5,16.74,10361
2023-05-26,16.5,17.28,16.5,17.21,13451
2023-05-29,17.06,17.33,16.72,16.93,8707
2023-05-30,17.08,17.1,16.71,17.07,5269
2023-05-31,16.87,17.07,16.76,16.86,13649
2023-06-01,17.04,17.28,16.8,17.05,48314
2023-06-02,17.07,17.42,16.97,17.31,50497
2023-06-05,17.3,17.43,16.8,17.4,36721
2023-06-06,17.2,17.55,17.15,17.34,36807
2023-06-07,17.02,17.9,17.02,17.59,64535
2023-06-08,17.94,18.0,17.7,17.76,15799
2023-06-09,17.7,17.98,17.25,17.54,25153
2023-06-12,17.41,17.85,17.41,17.66,9918
2023-06-13,17.66,17.98,17.66,17.89,27795
2023-06-14,18.04,18.04,17.75,17.95,22920
2023-06-15,18.15,21.54,17.91,21.46,1498889
2023-06-16,21.39,21.39,19.95,20.03,231256
2023-06-19,20.04,20.28,19.4,19.57,93817
2023-06-20,19.21,20.34,19.21,19.94,152627
2023-06-21,20.34,20.34,19.8,19.85,73337
2023-06-22,19.97,19.98,19.2,19.45,51617
2023-06-23,19.5,19.5,19.02,19.05,5677
2023-06-26,19.05,19.13,18.71,18.81,25672
2023-06-27,18.93,19.65,18.93,19.46,67349
2023-06-28,19.9,19.9,19.01,19.17,22728
2023-06-30,19.1,21.24,19.1,20.44,74925
2023-07-03,19.25,20.59,19.25,20.23,6573
2023-07-04,19.95,20.24,19.85,19.92,25790
2023-07-05,19.62,21.17,19.62,20.53,30905
2023-07-06,20.1,21.08,20.1,20.64,49326
2023-07-07,20.6,22.08,20.6,21.39,78593
2023-07-10,21.41,21.7,21.39,21.55,15011
2023-07-11,21.55,21.8,21.15,21.36,57794
2023-07-12,20.93,21.82,20.52,21.28,73911
2023-07-13,21.15,21.58,21.15,21.41,66894
2023-07-14,21.47,21.77,21.25,21.57,12742
2023-07-17,21.14,21.75,21.14,21.47,35693
2023-07-18,21.15,21.88,21.1,21.56,7646
2023-07-19,22.39,22.64,21.52,21.6,26578
2023-07-20,21.65,21.74,21.5,21.51,16959
2023-07-21,21.2,21.69,21.2,21.55,38396
2023-07-24,21.21,21.85,21.21,21.39,30999
2023-07-25,21.05,21.78,21.05,21.44,19803
2023-07-26,21.6,23.6,21.5,22.93,84924
2023-07-27,23.1,27.02,22.86,26.45,413126
2023-07-28,26.45,26.45,25.35,25.51,268098
2023-07-31,25.15,25.84,24.4,24.76,39601
2023-08-01,24.69,25.55,24.48,24.6,66431
2023-08-02,24.57,25.39,23.75,24.04,55569
2023-08-03,23.56,25.74,23.56,25.18,118005
2023-08-04,25.45,25.49,24.4,24.77,57947
2023-08-07,23.83,26.29,23.83,26.05,132695
2023-08-08,26.08,26.54,25.59,25.81,147835
2023-08-09,25.83,26.5,25.83,26.39,121326
2023-08-10,26.39,28.26,26.12,27.12,264447
2023-08-11,27.59,27.84,26.3,26.62,127157
2023-08-14,26.2,26.48,24.35,24.77,83363
2023-08-16,24.85,25.34,24.41,24.74,71965
2023-08-17,24.98,25.22,24.33,24.42,27990
2023-08-18,24.0,24.69,23.9,24.04,84434
2023-08-21,24.95,24.95,24.0,24.55,19736
2023-08-22,25.03,25.51,24.6,25.03,26003
2023-08-23,25.16,25.6,25.16,25.51,15855
2023-08-24,25.56,27.43,25.56,25.79,157074
2023-08-25,25.27,26.24,25.27,25.84,23562
2023-08-28,26.0,27.94,26.0,27.12,75819
2023-08-29,27.58,28.9,27.58,27.81,85721
2023-08-30,28.37,28.37,26.4,26.53,45078
2023-08-31,26.94,26.94,26.0,26.36,64511
2023-09-01,26.4,26.94,25.89,26.36,40883
2023-09-04,27.99,27.99,26.8,26.89,52300
2023-09-05,27.15,28.58,27.13,28.0,271570
2023-09-06,28.0,28.8,27.32,27.45,222274
2023-09-07,27.5,28.4,27.45,28.04,172881
2023-09-08,28.02,28.4,26.85,27.13,71836
2023-09-11,27.95,27.95,26.2,26.36,38060
2023-09-12,26.42,26.65,24.96,25.09,72671
2023-09-13,24.93,26.19,24.8,25.55,30594
2023-09-14,26.9,26.9,25.3,25.6,55907
2023-09-15,25.64,26.15,25.36,25.76,31718
2023-09-18,25.37,26.17,25.37,25.69,57119
2023-09-20,25.41,25.63,24.83,25.14,52161
2023-09-21,25.07,25.29,24.75,24.84,30910
2023-09-22,24.72,25.89,24.72,25.59,78433
2023-09-25,25.11,25.92,25.11,25.38,29460
2023-09-26,26.0,26.0,24.7,24.85,32073
2023-09-27,25.35,25.35,24.81,24.96,49312
2023-09-28,25.35,25.35,24.78,24.87,27968
2023-09-29,25.37,25.37,24.35,24.46,32384
2023-10-03,24.5,25.13,24.25,24.62,68902
2023-10-04,24.89,24.89,23.7,23.94,55782
2023-10-05,24.23,24.33,24.0,24.09,9568
2023-10-06,24.9,24.9,23.8,24.06,10151
2023-10-09,23.58,23.83,23.13,23.33,9238
2023-10-10,23.8,23.8,23.21,23.4,22125
2023-10-11,23.95,23.95,23.05,23.52,16231
2023-10-12,23.73,24.1,23.62,23.83,12037
2023-10-13,23.55,25.08,23.55,24.84,23052
2023-10-16,24.99,25.09,24.42,24.46,10021
2023-10-17,25.0,25.0,24.25,24.27,4199
2023-10-18,24.59,24.59,23.8,23.81,7470
2023-10-19,24.08,24.78,23.73,24.43,121277
2023-10-20,24.8,24.8,22.95,23.66,9320
2023-10-23,23.4,23.47,22.45,22.62,43385
2023-10-25,22.5,22.99,22.0,22.17,21599
2023-10-26,21.73,22.38,21.25,22.26,10647
2023-10-27,22.0,22.88,22.0,22.58,19201
2023-10-30,23.0,23.73,22.51,23.22,5895
2023-10-31,23.45,23.45,22.86,22.92,9966
2023-11-01,23.16,23.24,22.72,22.96,3810
2023-11-02,23.24,23.24,22.8,22.97,5340
2023-11-03,23.41,23.5,23.22,23.28,5317
2023-11-06,24.34,24.5,23.42,24.14,105842
2023-11-07,24.5,24.5,24.15,24.3,6658
2023-11-08,24.5,24.9,24.3,24.55,60630
2023-11-09,25.0,25.0,23.6,23.85,67201
2023-11-10,24.34,26.24,24.34,25.62,539853
2023-11-12,26.26,26.89,26.16,26.51,142629
2023-11-13,26.45,26.45,25.5,25.58,101814
2023-11-15,26.5,26.5,25.16,25.41,25515
2023-11-16,24.9,26.29,24.9,25.67,61135
2023-11-17,25.99,26.02,25.41,25.53,26400
2023-11-20,25.02,28.65,25.02,28.33,203901
2023-11-21,28.98,29.89,28.4,29.57,478651
2023-11-22,29.79,30.7,28.8,28.89,437173
2023-11-23,29.4,31.94,28.3,30.91,163592
2023-11-24,31.25,31.49,30.0,30.38,77022
2023-11-28,30.56,31.39,29.8,30.58,175973
2023-11-29,30.58,31.35,30.06,30.41,176124
2023-11-30,30.59,30.6,29.15,29.31,60640
2023-12-01,29.31,30.61,29.3,29.58,133974
2023-12-04,29.62,30.45,29.56,29.68,28730
2023-12-05,30.34,30.78,27.8,29.1,84396
2023-12-06,29.06,30.07,28.66,29.07,102604
2023-12-07,28.8,29.75,28.73,28.81,115126
2023-12-08,28.82,29.76,28.82,29.11,41222
2023-12-11,29.02,29.5,28.78,28.93,62665
2023-12-12,28.81,29.74,28.6,28.88,90669
2023-12-13,29.01,30.78,29.0,30.14,97217
2023-12-14,30.73,30.73,29.42,29.72,41531
2023-12-15,30.5,31.23,29.91,30.03,225313
2023-12-18,29.43,31.15,29.43,30.05,88319
2023-12-19,30.8,30.8,29.71,30.01,118351
2023-12-20,30.01,34.39,30.01,31.59,1141584
2023-12-21,31.44,35.3,31.09,34.28,381169
2023-12-22,34.42,34.8,33.05,33.62,237968
2023-12-26,33.0,35.21,33.0,34.08,117335
2023-12-27,34.79,34.79,32.66,32.97,179510
2023-12-28,33.21,34.64,32.35,32.74,129819
2023-12-29,32.01,33.09,31.9,32.16,121579
2024-01-01,32.18,33.2,32.0,32.6,120766
2024-01-02,32.87,35.1,32.5,34.78,487709
2024-01-03,34.99,35.15,33.82,34.21,200562
2024-01-04,34.88,34.88,33.57,33.63,61445
2024-01-05,33.99,35.23,33.27,33.91,117968
2024-01-08,34.58,34.59,32.7,32.83,104717
2024-01-09,33.24,34.6,32.9,33.57,236916
2024-01-10,33.6,34.85,33.36,33.89,158028
2024-01-11,33.41,34.6,33.41,33.77,120723
2024-01-12,33.85,36.4,33.85,34.18,295661
2024-01-15,34.86,34.88,33.63,34.3,125442
2024-01-16,35.02,35.02,32.85,33.75,198654
2024-01-17,33.54,33.64,32.55,33.36,141426
2024-01-18,33.36,35.5,32.38,34.61,328333
2024-01-19,35.09,35.23,33.89,34.01,128226
2024-01-20,34.01,35.3,33.61,33.76,120174
2024-01-23,34.01,35.35,33.26,33.8,242758
2024-01-24,34.15,36.25,34.0,35.55,420853
2024-01-25,36.09,36.65,35.36,36.03,297239
2024-01-29,36.68,36.93,35.25,35.47,82507
2024-01-30,35.03,35.8,34.22,34.38,168744
2024-01-31,34.05,37.4,34.05,36.58,212340
2024-02-01,36.98,37.17,35.67,36.44,230083
2024-02-02,35.71,38.5,35.71,37.19,268906
2024-02-05,37.39,37.87,36.15,36.51,349274
2024-02-06,36.43,38.15,36.43,37.7,163041
2024-02-07,38.44,38.44,36.95,37.16,207041
2024-02-08,37.05,39.21,36.75,37.78,299718
2024-02-09,38.14,38.17,35.47,36.39,173926
2024-02-12,36.0,37.1,34.25,34.65,202168
2024-02-13,35.33,35.85,33.8,35.04,120195
2024-02-14,34.97,39.47,34.48,36.64,278917
2024-02-15,37.09,37.6,36.25,36.95,199193
2024-02-16,36.95,44.34,36.95,43.11,2598633
2024-02-19,43.33,45.33,42.5,44.0,460719
2024-02-20,44.48,45.7,43.1,44.23,610874
2024-02-21,44.51,44.51,40.98,41.47,374267
2024-02-22,42.98,42.98,39.5,41.27,108652
2024-02-23,41.79,42.08,40.23,40.41,77073
2024-02-26,40.4,40.88,39.16,39.42,72126
2024-02-27,39.97,40.57,38.25,38.96,125251
2024-02-28,38.76,39.51,36.67,37.31,204308
2024-02-29,37.31,38.59,36.97,38.22,121920
2024-03-01,39.22,39.41,37.13,37.35,42413
2024-03-02,37.0,38.39,36.9,38.16,13717
2024-03-04,38.59,38.59,36.25,36.66,39634
2024-03-05,36.66,37.31,35.0,35.18,107728
2024-03-06,35.15,35.8,33.7,35.08,203908
2024-03-07,35.01,36.14,35.01,35.58,80671
2024-03-11,35.91,35.91,33.75,33.97,23140
2024-03-12,33.14,34.04,32.4,33.11,165902
2024-03-13,33.94,33.94,30.15,30.39,64508
2024-03-14,30.05,32.8,29.26,31.69,35539
2024-03-15,32.6,32.6,30.45,30.78,48319
2024-03-18,31.4,32.05,30.75,31.39,34225
2024-03-19,32.02,32.1,31.1,31.72,11626
2024-03-20,31.15,32.05,30.26,30.94,13770
2024-03-21,30.86,31.44,30.75,30.99,36969
2024-03-22,30.37,32.0,30.37,31.42,18557
2024-03-26,32.04,32.04,30.65,30.73,28391
2024-03-27,30.08,31.1,30.0,30.05,41237
2024-03-28,30.15,30.65,30.05,30.11,43968
2024-04-01,31.47,34.75,30.71,34.41,105461
2024-04-02,34.42,36.84,34.42,36.15,119589
2024-04-03,36.0,36.76,34.9,35.52,75433
2024-04-04,35.41,36.76,34.8,35.67,95124
2024-04-05,35.5,38.04,34.71,35.96,100727
2024-04-08,36.68,36.68,35.3,35.36,16029
2024-04-09,35.54,35.7,34.36,34.79,9528
2024-04-10,34.23,35.04,34.23,34.78,4672
2024-04-12,34.21,35.5,33.55,33.71,64557
2024-04-15,33.41,33.41,32.06,32.53,37541
2024-04-16,32.01,34.6,32.01,34.01,15960
2024-04-18,34.67,35.35,33.15,33.17,13851
2024-04-19,32.73,34.0,32.35,33.45,41654
2024-04-22,34.0,34.65,33.59,34.17,53881
2024-04-23,34.85,34.85,33.9,34.12,9649
2024-04-24,34.79,35.79,33.75,34.53,58275
2024-04-25,34.6,34.6,34.05,34.14,13033
2024-04-26,33.59,35.65,33.59,35.2,48312
2024-04-29,34.71,35.6,34.6,34.72,30194
2024-04-30,35.5,35.5,34.3,34.37,30862
2024-05-02,34.0,35.75,33.8,35.04,50294
2024-05-03,35.31,36.4,34.1,34.27,30120
2024-05-06,34.95,35.95,33.9,35.2,18536
2024-05-07,35.25,35.5,33.6,33.78,50668
2024-05-08,34.46,35.75,33.54,34.99,59350
2024-05-09,34.76,35.2,33.25,33.42,38777
2024-05-10,34.01,34.24,33.1,33.45,27729
2024-05-13,33.25,33.4,32.8,33.15,23106
2024-05-14,32.8,33.45,32.61,32.82,46711
2024-05-15,31.35,36.5,31.35,35.75,219802
2024-05-16,35.02,35.49,34.0,34.27,65525
2024-05-17,34.27,34.77,33.63,33.7,44573
2024-05-18,33.03,34.85,33.03,34.31,17483
2024-05-21,34.92,34.92,33.05,33.35,17688
2024-05-22,32.86,33.8,32.86,33.26,20885
2024-05-23,32.75,34.15,32.75,33.26,13720
2024-05-24,32.64,33.93,32.55,33.49,14167
2024-05-27,33.02,33.45,32.9,32.99,31816
2024-05-28,32.5,33.0,32.02,32.3,22391
2024-05-29,32.05,32.75,32.0,32.15,24931
2024-05-30,32.0,32.11,31.41,31.65,28300
2024-05-31,31.9,32.08,31.55,31.79,14834
2024-06-03,34.0,34.0,32.0,32.23,22622
2024-06-04,31.9,31.91,26.2,29.01,44812
2024-06-05,29.71,30.29,28.86,29.99,26670
2024-06-06,29.5,31.6,29.5,30.78,37332
2024-06-07,31.0,32.0,31.0,31.44,26119
2024-06-10,32.07,32.6,31.8,32.0,9276
2024-06-11,31.8,33.3,31.73,32.97,31062
2024-06-12,33.4,34.65,33.33,33.77,22957
2024-06-13,34.9,34.9,32.97,33.31,49576
2024-06-14,33.5,33.95,33.2,33.68,35426
2024-06-18,33.5,34.36,33.5,34.16,14536
2024-06-19,34.16,34.33,33.0,33.36,75621
2024-06-20,33.36,34.2,33.0,33.29,59198
2024-06-21,33.8,33.95,32.68,32.92,61354
2024-06-24,32.27,33.38,32.27,32.61,47712
2024-06-25,33.35,33.35,32.15,32.28,92640
2024-06-26,32.54,32.64,31.85,32.07,22283
2024-06-27,31.51,32.25,30.62,30.91,52725
2024-06-28,31.75,32.29,31.15,31.34,38475
2024-07-01,31.97,32.09,31.29,31.69,91436
2024-07-02,32.45,32.45,31.17,31.27,16105
2024-07-03,31.37,31.98,31.37,31.42,35345
2024-07-04,30.81,31.8,30.58,30.94,97586
2024-07-05,30.0,32.0,30.0,31.41,834161
2024-07-08,32.09,32.09,30.85,31.1,71917
2024-07-09,30.61,31.45,30.61,30.96,102988
2024-07-10,31.25,31.25,29.5,29.9,96750
2024-07-11,30.49,31.05,29.19,30.06,179651
2024-07-12,29.5,30.18,29.5,29.73,74105
2024-07-15,30.34,30.47,29.15,29.29,137487
2024-07-16,30.3,30.3,29.01,29.11,44903
2024-07-18,28.53,29.33,28.45,28.59,77006
2024-07-19,28.59,28.79,27.88,28.02,41107
2024-07-22,28.0,28.99,27.56,28.48,16481
2024-07-23,29.66,29.66,27.6,28.54,57194
2024-07-24,29.4,29.76,28.31,29.63,71444
2024-07-25,29.4,30.54,28.99,30.38,67964
2024-07-26,30.95,33.0,30.8,32.1,299747
2024-07-29,32.74,32.74,31.1,31.14,36686
2024-07-30,31.76,31.76,31.0,31.2,21302
2024-07-31,30.7,32.61,30.7,31.74,74997
2024-08-01,31.7,32.47,30.75,30.82,55871
2024-08-02,30.87,32.34,30.46,31.67,51313
2024-08-05,30.99,31.01,29.58,30.04,73566
2024-08-06,30.1,30.78,29.57,29.68,37509
2024-08-07,31.32,31.32,29.88,30.4,11261
2024-08-08,30.17,32.38,30.0,31.22,183578
2024-08-09,31.25,31.65,30.72,31.08,84131
2024-08-12,30.35,31.09,30.35,30.47,56847
2024-08-13,31.08,31.7,30.13,30.39,49507
2024-08-14,31.22,32.45,29.25,30.28,93946
2024-08-16,30.5,30.92,29.74,29.87,44622
2024-08-19,30.53,32.9,29.76,32.29,118277
2024-08-20,32.79,32.79,31.8,32.58,282426
2024-08-21,33.0,39.09,32.26,37.39,2279223
2024-08-22,37.79,37.92,36.51,37.15,444443
2024-08-23,37.63,37.81,36.36,36.52,117492
2024-08-26,36.52,41.1,36.52,38.99,824898
2024-08-27,39.19,42.46,38.99,40.74,779297
2024-08-28,41.0,42.3,40.75,40.95,332175
2024-08-29,41.2,41.8,38.65,39.5,93360
2024-08-30,40.3,40.6,38.69,39.13,53695
2024-09-02,39.93,40.0,38.73,39.2,94305
2024-09-03,38.42,39.13,37.99,38.18,115013
2024-09-04,37.44,40.6,37.44,40.04,106833
2024-09-05,41.0,48.0,40.35,47.19,954405
2024-09-06,46.85,53.8,44.27,51.51,1604016
2024-09-09,51.71,53.15,49.11,51.69,514448
2024-09-10,52.0,53.5,51.12,51.89,476792
2024-09-11,52.34,56.39,51.38,53.04,716665
2024-09-12,53.86,54.8,53.14,53.88,367996
2024-09-13,54.8,54.96,51.96,52.45,134927
2024-09-16,52.64,53.0,47.21,48.88,419382
2024-09-17,48.88,50.19,47.11,47.81,233398
2024-09-18,47.86,48.87,45.77,46.53,114183
2024-09-19,47.39,47.67,43.74,44.0,159869
2024-09-20,43.62,48.4,41.67,42.23,150889
2024-09-23,42.34,43.05,38.31,41.73,18766905
2024-09-24,40.8,43.0,40.4,41.86,515717
2024-09-25,42.15,42.75,40.4,40.84,173144
2024-09-26,41.0,41.5,40.0,40.69,94597
2024-09-27,41.5,41.58,40.05,41.0,88455
2024-09-30,40.95,42.0,39.5,40.11,99682
2024-10-01,40.15,42.0,39.33,41.85,74521
2024-10-03,41.5,43.94,40.75,43.82,749085
2024-10-04,42.61,45.95,41.63,42.01,239456
2024-10-07,42.02,42.9,39.91,39.91,117447
2024-10-08,39.11,40.95,38.0,40.07,73680
2024-10-09,40.8,40.9,39.0,39.48,100766
2024-10-10,40.45,40.45,38.31,38.62,77083
2024-10-11,39.89,40.45,38.4,39.01,59339
2024-10-14,39.23,39.49,37.54,38.25,85668
2024-10-15,38.9,38.9,36.85,37.52,98825
2024-10-16,37.01,38.6,36.95,37.28,128445
2024-10-17,37.28,37.94,36.9,37.67,46452
2024-10-18,37.55,37.55,36.15,37.22,91128
2024-10-21,36.71,37.66,36.15,36.53,52648
2024-10-22,36.2,36.94,34.72,34.91,32112
2024-10-23,34.06,35.0,33.66,34.46,37548
2024-10-24,35.01,35.6,33.51,34.7,116823
2024-10-25,34.65,34.65,32.97,33.31,158683
2024-10-28,31.65,34.0,31.65,33.23,53353
2024-10-29,34.35,34.48,33.35,34.35,83305
2024-10-30,33.99,36.06,33.99,36.06,56256
2024-10-31,36.78,37.86,36.61,37.35,120615
2024-11-01,39.19,39.21,37.9,39.11,182726
2024-11-04,40.49,40.49,37.5,39.66,98556
2024-11-05,38.87,38.87,38.87,38.87,25632
2024-11-06,38.1,38.1,38.1,38.1,22926
2024-11-07,37.34,37.34,37.34,37.34,17871
2024-11-08,36.6,36.6,36.6,36.6,3080
2024-11-11,36.0,36.0,35.99,36.0,65023
2024-11-12,35.28,35.28,35.28,35.28,38164
2024-11-13,34.61,35.4,34.58,35.4,45103
2024-11-14,34.7,36.0,34.7,36.0,30693
2024-11-18,35.96,35.96,35.29,35.6,50528
2024-11-19,34.92,35.99,34.89,34.89,12945
2024-11-21,34.45,34.45,34.2,34.2,8026
2024-11-22,33.52,34.15,33.52,34.0,102212
2024-11-25,33.32,33.32,33.32,33.32,27309
2024-11-26,32.66,33.1,32.66,32.7,60159
2024-11-27,32.05,33.25,32.05,33.25,56137
2024-11-28,33.91,33.91,33.69,33.69,70363
2024-11-29,33.69,33.69,33.1,33.48,30731
2024-12-02,33.55,34.14,33.5,34.14,21538
2024-12-03,34.82,34.82,34.25,34.25,34435
2024-12-04,34.93,34.93,34.27,34.48,33197
2024-12-05,34.2,34.4,33.82,33.82,39647
2024-12-06,33.99,34.0,33.15,33.15,64944
2024-12-09,33.65,34.8,33.08,34.8,112434
2024-12-10,34.8,36.45,33.06,34.77,215819
2024-12-11,33.3,36.5,33.3,36.5,1863848
2024-12-12,38.32,38.32,38.32,38.32,1920837
2024-12-13,37.2,40.05,36.61,39.68,4701473
2024-12-16,39.5,41.6,38.3,41.11,2501990
2024-12-17,41.9,43.16,40.5,43.16,2929973
2024-12-18,42.3,44.02,42.3,44.02,1943161
2024-12-19,44.9,44.9,43.14,43.14,1123530
2024-12-20,42.28,42.28,42.28,42.28,66682
2024-12-23,41.44,41.44,41.44,41.44,7957
2024-12-24,40.62,40.62,40.62,40.62,5069
2024-12-26,40.0,40.02,39.81,39.81,180653
2024-12-27,39.02,39.02,39.02,39.02,83519
2024-12-30,39.8,39.8,38.24,38.24,201584
2024-12-31,37.48,39.0,37.48,39.0,244741
2025-01-01,39.78,39.78,39.78,39.78,65116
2025-01-02,40.57,40.57,40.57,40.57,115286
2025-01-03,41.38,41.38,40.26,40.26,790690
2025-01-06,39.46,39.47,39.46,39.46,14813
2025-01-07,38.68,39.46,38.68,39.46,564283
2025-01-08,38.68,38.68,38.68,38.68,49150
2025-01-09,37.91,37.91,37.91,37.91,42544
2025-01-10,37.16,38.66,37.16,37.6,854834
2025-01-13,38.35,38.35,37.02,37.02,357974
2025-01-14,37.76,37.76,37.76,37.76,15355
2025-01-15,38.51,38.51,38.51,38.51,51738
2025-01-16,39.28,39.28,39.28,39.28,5194
2025-01-17,40.06,40.06,40.05,40.06,172656
2025-01-20,39.95,40.86,39.8,40.86,209402
2025-01-21,40.9,40.9,40.05,40.05,206549
2025-01-22,39.25,39.25,39.25,39.25,70486
2025-01-23,39.3,39.99,39.3,39.35,162811
2025-01-24,39.35,39.35,38.57,38.57,35862
2025-01-27,36.7,37.74,36.65,36.65,32792
2025-01-28,35.05,36.5,34.82,34.82,173808
2025-01-29,34.49,35.4,33.16,33.91,71715
2025-01-30,33.25,34.0,32.22,32.23,114203
2025-01-31,32.15,33.84,31.91,33.84,71065
2025-02-01,35.53,35.53,35.53,35.53,1654
2025-02-03,35.53,36.79,35.5,36.05,70934
2025-02-04,36.47,37.0,35.13,35.34,28823
2025-02-05,35.5,37.1,35.5,36.8,87069
2025-02-06,37.66,38.5,35.65,37.72,121597
2025-02-07,36.25,38.7,36.25,37.82,72709
2025-02-10,38.88,38.88,35.01,35.9,135368
2025-02-11,35.18,35.89,32.31,32.68,211245
2025-02-12,31.32,33.27,30.04,32.18,187430
2025-02-13,32.02,33.24,31.99,32.62,32988
2025-02-14,33.0,33.0,29.36,30.06,198620
2025-02-17,29.99,31.45,29.11,29.52,225685
2025-02-18,29.64,30.18,26.95,27.37,114095
2025-02-19,27.98,30.1,27.22,29.26,1283027
2025-02-20,28.73,30.99,28.72,29.76,59060
2025-02-21,30.53,30.65,28.6,28.98,84463
2025-02-24,29.3,29.5,27.92,28.26,143431
2025-02-25,28.5,28.86,27.85,28.13,69911
2025-02-27,28.14,28.5,27.0,27.13,132779
2025-02-28,27.19,27.21,25.97,26.28,789833
2025-03-03,26.81,27.2,25.0,25.61,1450592
2025-03-04,25.51,26.89,24.9,26.23,313792
2025-03-05,26.95,27.53,26.27,27.22,100672
2025-03-06,27.77,28.58,27.01,28.58,99544
2025-03-07,29.45,29.95,28.93,29.22,88300
2025-03-10,29.8,29.8,27.76,27.76,47222
2025-03-11,26.38,26.38,26.38,26.38,27833
2025-03-12,25.07,25.07,25.07,25.07,33545
2025-03-13,23.82,23.82,23.82,23.82,44235
2025-03-17,23.1,23.42,22.63,22.63,782325
2025-03-18,22.6,23.69,21.87,22.92,447283
2025-03-19,22.81,24.06,22.81,24.06,1712485
2025-03-20,24.25,25.26,23.46,23.56,926266
2025-03-21,23.86,24.73,23.55,24.73,140596
2025-03-24,25.96,25.96,24.08,24.25,551838
2025-03-25,24.01,25.35,23.55,23.98,275201
2025-03-26,24.49,24.7,22.81,22.99,352965
2025-03-27,22.98,23.97,21.85,23.54,716387
2025-03-28,24.2,24.45,22.75,22.98,129136
2025-04-01,22.97,24.12,22.86,24.12,96384
2025-04-02,24.97,25.32,23.86,24.87,306348
2025-04-03,24.98,26.11,24.97,25.79,265827
2025-04-04,26.3,26.3,24.51,24.51,120250
2025-04-07,22.06,22.8,22.06,22.31,308220
2025-04-08,22.51,23.4,22.27,23.21,141251
2025-04-09,23.0,23.0,21.8,22.64,62696
2025-04-11,23.12,23.19,21.15,21.9,88473
2025-04-15,22.5,23.18,21.5,22.78,227840
2025-04-16,23.43,23.43,22.41,22.89,173845
2025-04-17,23.29,23.29,22.4,22.82,69931
2025-04-21,23.49,23.6,22.73,23.21,139804
2025-04-22,23.49,23.59,22.65,23.25,170835
2025-04-23,23.25,23.73,22.5,22.84,135185
2025-04-24,22.5,24.8,22.48,23.91,214166
2025-04-25,24.35,24.35,22.25,22.79,137681
2025-04-28,22.36,22.85,22.0,22.14,46935
2025-04-29,22.63,22.79,22.09,22.22,40506
2025-04-30,21.9,23.18,21.5,22.04,118923
2025-05-02,22.38,22.57,21.7,21.81,48896
2025-05-05,21.92,22.06,21.77,21.93,14317
2025-05-06,22.3,22.3,21.35,21.44,38158
2025-05-07,21.15,21.75,20.9,21.66,59796
2025-05-08,22.04,22.19,20.91,21.02,15199
2025-05-09,20.32,20.82,20.05,20.53,44432
2025-05-12,21.7,22.49,21.47,22.36,90555
2025-05-13,22.47,22.87,22.34,22.59,16576
2025-05-14,22.97,24.15,22.25,23.92,80783
2025-05-15,24.44,24.44,23.37,23.73,89863
2025-05-16,23.25,23.99,23.0,23.39,113187
2025-05-19,23.33,24.79,23.33,24.24,96721
2025-05-20,24.27,24.74,23.75,23.97,50384
2025-05-21,24.35,24.77,23.13,24.32,145295
2025-05-22,24.27,24.3,23.77,23.84,31763
2025-05-23,23.86,24.02,23.19,23.78,60195
2025-05-26,23.06,26.0,23.06,25.05,249020
2025-05-27,25.85,27.55,24.9,27.2,724091
2025-05-28,27.23,28.27,26.51,26.78,288941
2025-05-29,27.24,27.91,26.56,27.46,197611
2025-05-30,27.83,27.83,26.8,27.11,161897
2025-06-02,26.9,27.0,24.95,24.98,120974
2025-06-03,25.47,25.67,24.0,24.25,184064
2025-06-04,24.25,24.58,23.77,24.33,52880
2025-06-05,24.76,24.8,24.31,24.41,33587
2025-06-06,24.46,25.0,24.15,24.29,81430
2025-06-09,24.78,25.48,23.42,23.53,268825
2025-06-10,24.09,24.09,23.06,23.14,89924
2025-06-11,23.53,25.53,23.23,24.3,437812
2025-06-12,24.78,24.88,23.69,23.85,183922
2025-06-13,24.0,24.0,23.16,23.37,65563
2025-06-16,23.4,23.66,22.99,23.5,73504
2025-06-17,23.5,23.67,23.01,23.1,97148
2025-06-18,23.07,23.25,21.9,22.05,97844
2025-06-19,22.07,22.31,20.55,20.92,137092
2025-06-20,20.87,21.41,20.7,21.21,87117
2025-06-23,21.39,21.75,20.49,20.72,119616
2025-06-24,21.5,21.5,20.96,21.14,65009
2025-06-25,21.21,22.69,21.19,22.44,93576
2025-06-26,22.44,23.2,22.42,22.57,159700
2025-06-27,22.89,22.89,22.01,22.1,67122
2025-06-30,22.35,23.01,22.15,22.22,78143
2025-07-01,22.39,22.85,21.79,22.51,76108
2025-07-02,22.9,23.1,22.22,22.81,69063
2025-07-03,22.26,23.8,22.26,23.49,169641
2025-07-04,23.3,23.7,22.55,22.76,86098
2025-07-07,22.6,23.5,22.6,23.16,133684
2025-07-08,22.15,22.49,18.53,18.53,2226342
2025-07-09,16.1,17.19,15.61,16.47,2980869
2025-07-10,16.85,19.76,16.14,19.47,3590692
2025-07-11,19.56,20.73,19.35,19.93,3527775
2025-07-14,19.6,19.7,18.94,18.94,93643
2025-07-15,18.0,18.0,18.0,18.0,63985
2025-07-16,17.31,18.8,17.1,18.17,777699
2025-07-17,17.75,18.19,17.27,17.34,121858
2025-07-18,16.86,18.0,16.86,17.82,72727
2025-07-21,17.99,18.51,17.38,18.13,167073
2025-07-22,18.6,18.6,17.5,17.69,60105
2025-07-23,17.4,18.0,17.3,17.58,76915
2025-07-24,17.63,17.75,17.1,17.16,44795
2025-07-25,16.8,17.8,16.8,16.97,61317
2025-07-28,16.97,17.7,16.26,16.62,52552
2025-07-29,16.62,16.98,16.12,16.48,114337
2025-07-30,16.3,16.88,16.3,16.63,43642
2025-07-31,16.4,16.9,16.15,16.54,54503
2025-08-01,16.45,16.88,16.2,16.3,51378
2025-08-04,15.8,16.34,15.49,15.54,141698
2025-08-05,15.05,15.39,14.77,14.78,121708
2025-08-06,14.63,14.7,14.05,14.05,248796
2025-08-07,13.74,13.9,13.35,13.36,183947
2025-08-08,13.25,14.02,13.25,14.02,94531
2025-08-11,14.06,14.72,14.06,14.72,65924
2025-08-12,15.44,15.45,15.01,15.45,187626
2025-08-13,15.5,16.0,15.0,15.02,143727
2025-08-14,15.17,15.17,14.31,14.56,38114
2025-08-18,14.56,15.21,14.0,15.12,59058
2025-08-19,15.05,15.59,14.5,15.06,57011
2025-08-20,14.92,15.38,14.85,15.08,85923
2025-08-21,15.54,15.55,15.01,15.29,49251
2025-08-22,15.3,15.99,15.0,15.79,29953
2025-08-25,16.39,16.39,15.21,15.24,18201
2025-08-26,15.54,15.54,15.0,15.04,12830
2025-08-28,15.04,15.04,14.51,14.67,17886
2025-08-29,14.25,14.65,14.2,14.32,57776
2025-09-01,14.01,14.6,14.01,14.19,31915
2025-09-02,14.25,14.59,14.25,14.5,53128
2025-09-03,14.4,14.94,14.31,14.61,27161
2025-09-04,14.61,14.92,13.99,14.69,124448
2025-09-05,14.75,14.75,14.3,14.66,22642
2025-09-08,14.66,14.66,14.16,14.17,65762
2025-09-09,14.16,14.41,14.0,14.07,85298
2025-09-10,13.71,14.47,13.71,14.3,92361
2025-09-11,14.35,15.01,14.11,15.01,66134
2025-09-12,15.33,15.76,15.33,15.76,20205
2025-09-15,16.25,16.54,16.25,16.54,29350
2025-09-16,17.36,17.36,16.75,17.03,68995
2025-09-17,16.7,16.7,16.69,16.69,28520
2025-09-18,16.36,16.36,16.36,16.36,4948
2025-09-19,16.04,16.04,16.04,16.04,8214
2025-09-22,15.72,15.72,15.72,15.72,45265
2025-09-23,15.41,15.41,15.41,15.41,16451
2025-09-24,15.11,15.11,15.11,15.11,3721
2025-09-25,14.81,14.81,14.81,14.81,6812
2025-09-26,14.52,14.52,14.52,14.52,12142
2025-09-29,14.51,14.81,14.51,14.7,195237
2025-09-30,14.41,14.5,14.41,14.5,6182
2025-10-01,14.21,14.21,14.21,14.21,1436
2025-10-03,14.12,14.25,14.11,14.25,19461
2025-10-06,14.0,14.5,14.0,14.42,14528
2025-10-07,14.63,14.7,14.25,14.25,14111
2025-10-08,14.5,14.5,14.09,14.09,15917
2025-10-09,14.02,14.05,13.92,14.03,28541
2025-10-10,14.05,14.11,14.05,14.1,12309
2025-10-13,13.83,13.93,13.83,13.86,27573
2025-10-14,13.8,13.8,13.59,13.59,4870
2025-10-15,13.65,13.65,13.5,13.5,19453
2025-10-16,13.51,13.77,13.51,13.77,39704
2025-10-17,14.04,14.04,13.5,13.85,76205
2025-10-20,13.58,13.58,13.58,13.58,12472
2025-10-21,13.31,13.31,13.31,13.31,2083
2025-10-23,13.57,13.57,13.57,13.57,55834
2025-10-24,13.84,13.84,13.84,13.84,25722
2025-10-27,14.53,14.53,14.53,14.53,156435
2025-10-28,15.25,15.25,15.25,15.25,108585
2025-10-29,16.01,16.01,16.01,16.01,87467
2025-10-30,16.81,16.81,15.3,15.87,389800
2025-10-31,15.2,16.1,15.08,15.62,169020
2025-11-03,15.5,15.52,14.84,14.9,88754
2025-11-04,14.75,14.75,14.16,14.16,73772
2025-11-06,14.0,14.15,13.81,13.98,43391
2025-11-07,14.05,14.67,13.81,14.65,37207
2025-11-10,15.07,15.39,14.63,14.87,181493
2025-11-11,14.64,14.92,14.4,14.54,26443
2025-11-12,14.71,14.81,14.05,14.17,34995
2025-11-13,14.16,16.52,13.99,15.92,307688
2025-11-14,15.92,16.11,14.5,14.73,85839
2025-11-17,14.75,14.8,14.0,14.64,76299
2025-11-18,14.17,14.94,13.6,13.75,82627
2025-11-19,13.75,14.19,13.7,14.04,56320
2025-11-20,14.49,14.49,14.02,14.14,36509
2025-11-21,14.26,15.2,13.89,14.75,114123
2025-11-24,14.8,14.99,13.95,14.08,37744
2025-11-25,14.0,15.61,14.0,15.2,59578
2025-11-26,15.5,15.5,14.94,15.06,32440
2025-11-27,15.0,15.37,14.0,14.16,48909
2025-11-28,15.7,16.99,15.61,16.99,1214468
2025-12-01,17.58,18.0,16.2,17.42,684316
2025-12-02,17.42,18.95,17.0,18.41,772374
2025-12-03,18.5,18.87,17.32,17.92,262037
2025-12-04,21.15,21.19,19.76,20.94,4865446
2025-12-05,21.1,21.25,20.73,20.95,1358063
2025-12-08,20.99,21.0,20.37,20.46,510198
2025-12-09,20.5,21.0,20.14,20.91,386872
2025-12-10,21.06,21.36,20.97,21.05,777903
2025-12-11,21.05,21.5,20.8,20.96,119742
2025-12-12,21.0,21.3,20.9,21.22,379477
2025-12-15,21.0,21.19,20.94,21.01,338987
2025-12-16,21.01,21.5,21.0,21.17,140289
2025-12-17,21.55,21.59,20.95,21.08,127399
2025-12-18,21.1,21.25,20.96,21.2,144684
2025-12-19,21.2,21.99,21.1,21.8,282201
2025-12-22,22.45,22.45,21.8,22.19,351164
2025-12-23,22.33,22.49,22.0,22.3,575434
2025-12-24,21.19,21.19,21.19,21.19,10295
2025-12-26,20.14,20.14,20.14,20.14,5181
2025-12-29,19.14,19.14,19.14,19.14,16973
2025-12-30,18.4,19.0,18.2,18.58,120519
2025-12-31,18.5,19.5,17.85,19.5,122333
2026-01-01,19.95,20.47,19.61,20.47,108576
2026-01-02,20.94,20.94,19.52,19.76,94794
2026-01-05,20.47,20.47,19.0,19.09,67699
2026-01-06,19.29,19.49,19.05,19.41,21648
2026-01-07,19.06,19.53,18.9,19.01,25200
2026-01-08,18.76,19.19,18.53,18.62,38801
2026-01-09,18.71,18.85,18.01,18.25,23818
2026-01-12,18.15,18.84,17.34,17.34,36988
2026-01-13,16.48,16.48,16.48,16.48,17486
2026-01-14,15.66,15.66,15.66,15.66,18605
2026-01-16,14.88,15.65,14.88,15.25,388925
2026-01-19,14.65,14.75,14.49,14.49,52108
2026-01-20,13.82,14.2,13.82,14.01,51832
2026-01-21,14.0,14.0,13.47,13.89,43016
2026-01-22,13.99,14.58,13.99,14.58,50874
2026-01-23,14.8,15.14,14.21,14.66,37289
2026-01-27,14.62,14.94,13.93,13.98,33260
2026-01-28,13.83,14.34,13.83,13.85,41313
2026-01-29,13.92,13.95,13.28,13.8,41148
2026-01-30,13.71,13.75,13.3,13.42,54963
2026-02-01,13.32,13.74,13.12,13.35,55993
2026-02-02,13.2,13.99,13.2,13.93,128573
2026-02-03,13.26,14.6,13.26,13.89,100639
2026-02-04,13.89,13.89,13.41,13.69,26388
2026-02-05,14.06,14.06,13.31,13.74,41693
2026-02-06,13.51,13.62,13.16,13.5,50585
2026-02-09,13.74,13.74,13.45,13.61,25734
2026-02-10,13.65,13.94,13.65,13.78,32218
2026-02-11,13.84,13.85,13.6,13.68,24107
2026-02-12,13.93,13.93,13.33,13.34,46843
2026-02-13,13.5,13.64,13.15,13.49,56501
2026-02-16,13.5,13.59,13.1,13.25,23000
2026-02-17,13.56,13.56,13.0,13.24,26990
2026-02-18,13.05,13.43,13.05,13.13,37543
2026-02-19,12.92,13.32,12.92,13.12,23822
2026-02-20,13.01,13.27,12.51,12.67,44722
2026-02-23,12.94,12.94,12.45,12.65,23411
2026-02-24,12.65,12.75,12.18,12.26,36943
2026-02-25,12.29,12.43,12.21,12.28,29157
2026-02-26,12.21,12.33,12.01,12.19,9670
2026-02-27,12.5,12.5,12.03,12.19,19428
2026-03-02,12.0,12.05,11.6,11.63,27275
2026-03-04,11.25,12.19,11.21,11.99,90199
2026-03-05,11.84,12.04,11.64,11.88,38211
2026-03-06,11.65,11.97,11.64,11.8,12479
2026-03-09,11.94,11.94,11.21,11.32,45862
2026-03-10,11.31,11.6,11.2,11.29,15984
2026-03-11,11.5,11.85,11.4,11.42,33069
2026-03-12,11.2,11.56,11.2,11.37,26882
2026-03-13,11.39,11.84,10.89,11.13,708610
2026-03-16,10.9,11.44,10.89,11.01,95281
2026-03-17,11.14,11.14,10.85,10.97,130957
2026-03-18,10.86,11.28,10.86,11.22,32910
2026-03-19,11.15,11.44,10.91,10.99,49114
2026-03-20,11.2,11.37,10.88,10.94,49104
2026-03-23,10.96,11.19,10.4,10.42,27078
2026-03-24,10.45,10.78,10.34,10.46,30034
2026-03-25,10.35,10.95,10.2,10.3,61993
2026-03-27,10.74,10.74,9.79,9.79,93666
2026-03-30,9.54,9.59,9.31,9.31,31145
2026-04-01,9.2,9.77,9.2,9.77,12741
2026-04-02,9.77,10.2,9.76,10.0,68775
2026-04-06,10.23,10.34,9.92,10.02,23753
2026-04-07,10.0,10.09,9.89,9.99,24569
2026-04-08,10.13,10.97,10.13,10.82,76014
2026-04-09,10.85,11.0,10.61,10.75,52042
2026-04-10,10.75,11.82,10.75,11.82,260762
2026-04-13,11.67,12.5,11.31,11.94,179268
2026-04-15,12.03,12.47,12.03,12.26,34997
2026-04-16,12.32,12.52,12.12,12.41,68682
2026-04-17,12.41,13.0,12.41,12.66,42792
2026-04-20,12.67,12.85,12.2,12.34,19460
2026-04-21,12.02,12.48,12.02,12.17,46976
2026-04-22,12.19,12.54,12.05,12.37,28850
2026-04-23,12.37,12.61,12.0,12.09,45709
2026-04-24,12.09,12.18,11.75,11.79,25039
2026-04-27,12.01,12.74,12.0,12.51,27993
2026-04-28,12.8,12.8,12.16,12.46,33830
2026-04-29,12.25,12.91,12.25,12.58,33760
2026-04-30,12.61,12.61,12.3,12.4,12217
2026-05-04,12.41,12.64,12.1,12.1,14657
2026-05-05,12.37,12.37,12.14,12.24,12834
2026-05-06,12.01,12.49,12.01,12.37,28173
2026-05-07,12.37,13.59,12.37,13.59,194328
