Datetime,Open,High,Low,Close,Volume
2019-05-28,149.4,149.4,142.55,142.55,26016
2019-05-29,135.45,142.2,135.45,135.45,98098
2019-05-30,135.35,140.9,132.25,134.7,28679
2019-06-03,135.0,135.0,129.0,130.7,19033
2019-06-10,113.05,116.45,111.25,111.25,28612
2019-06-11,111.0,116.8,105.7,116.8,59756
2019-06-12,118.75,121.0,111.2,118.5,71688
2019-06-13,118.1,124.4,115.75,124.1,84672
2019-06-14,124.4,124.4,119.3,122.6,40919
2019-06-17,122.1,124.85,120.0,121.85,45525
2019-06-18,120.9,124.0,115.8,116.35,36870
2019-06-19,115.8,118.7,110.55,111.9,22935
2019-06-20,110.6,114.4,107.15,111.4,21346
2019-06-21,109.0,116.95,109.0,116.85,46314
2019-06-24,116.95,121.35,114.0,115.75,36328
2019-06-25,111.05,116.75,111.05,112.75,23805
2019-06-26,114.0,117.75,110.05,115.4,15083
2019-06-27,115.8,119.1,111.0,112.15,16105
2019-06-28,112.0,114.75,107.5,111.5,10113
2019-07-01,112.25,114.9,111.2,111.95,9438
2019-07-02,112.35,113.35,109.3,110.4,5115
2019-07-03,107.6,115.0,107.6,110.9,24134
2019-07-04,110.5,113.0,108.05,108.95,13119
2019-07-05,113.0,113.0,105.85,106.6,13624
2019-07-08,105.3,106.9,101.3,101.3,24949
2019-07-09,99.5,101.1,96.8,97.15,15467
2019-07-10,97.2,102.0,97.15,101.85,37004
2019-07-11,104.0,106.9,100.0,106.35,72972
2019-07-12,107.05,109.05,104.05,105.1,31373
2019-07-15,110.0,110.0,102.6,103.7,11653
2019-07-16,101.95,104.05,100.3,101.0,22053
2019-07-17,101.0,106.05,99.5,103.0,39862
2019-07-18,102.9,105.0,99.4,100.0,9810
2019-07-19,100.0,102.0,96.6,96.95,13758
2019-07-22,101.0,101.0,92.15,92.35,16456
2019-07-23,94.8,96.5,91.0,93.35,14432
2019-07-24,93.4,94.25,88.7,89.4,24636
2019-07-25,90.7,93.85,89.8,93.4,23316
2019-07-26,92.6,93.0,88.75,88.85,17362
2019-07-29,90.6,93.25,90.25,93.25,34709
2019-07-30,94.45,97.9,90.15,90.65,34315
2019-07-31,91.0,95.15,90.9,95.15,35128
2019-08-01,96.45,99.9,95.55,99.9,23144
2019-08-02,100.0,104.75,98.3,100.8,33669
2019-08-05,97.2,98.05,95.8,96.35,20319
2019-08-06,100.95,100.95,92.5,93.25,16926
2019-08-07,95.9,102.55,92.0,97.5,59874
2019-08-08,100.3,102.35,98.5,100.0,11346
2019-08-09,99.9,103.0,99.3,99.8,35863
2019-08-13,95.1,95.2,91.0,91.8,26936
2019-08-14,91.0,94.5,90.95,91.8,12938
2019-08-16,92.8,92.9,91.0,91.7,8568
2019-08-19,92.45,94.1,90.95,91.35,13511
2019-08-20,92.95,93.9,91.1,91.35,13223
2019-08-21,92.9,99.8,91.25,97.05,51258
2019-08-22,101.0,106.75,99.75,105.0,88594
2019-08-23,113.0,115.5,112.9,115.5,43568
2019-08-26,121.25,121.25,121.25,121.25,8830
2019-08-27,127.3,127.3,126.0,127.3,268023
2019-08-28,129.9,129.9,120.95,120.95,49556
2019-08-29,114.95,120.0,114.95,114.95,31193
2019-08-30,110.0,117.2,109.25,110.1,56404
2019-09-03,104.75,114.8,104.75,108.7,17096
2019-09-04,110.6,110.6,103.3,103.3,47686
2019-09-05,102.2,108.45,99.0,108.45,61900
2019-09-06,112.8,113.85,106.55,110.55,74103
2019-09-11,119.5,121.85,115.0,121.85,25277
2019-09-12,127.9,127.9,118.0,125.9,223617
2019-09-13,124.0,126.5,120.1,121.75,34926
2019-09-16,124.8,127.8,121.0,127.8,42907
2019-09-17,131.5,134.15,125.1,134.15,238991
2019-09-18,139.4,140.85,135.6,140.85,211929
2019-09-19,141.4,141.4,133.85,133.85,95516
2019-09-20,133.0,140.5,127.4,135.65,145681
2019-09-23,138.65,142.4,134.05,142.4,43510
2019-09-24,147.85,147.85,135.3,137.2,98552
2019-09-25,130.35,131.2,130.35,130.35,110073
2019-09-26,130.35,135.8,126.0,127.5,44978
2019-09-27,132.8,132.9,127.1,127.5,10540
2019-09-30,132.9,133.85,122.75,125.1,88518
2019-10-01,129.0,129.0,119.1,120.55,23975
2019-10-03,116.5,122.7,116.25,119.45,15846
2019-10-04,123.0,123.5,114.0,115.05,22922
2019-10-07,117.7,120.8,113.25,117.65,22601
2019-10-09,120.0,126.4,116.45,120.3,34695
2019-10-10,122.4,124.0,114.6,115.3,24650
2019-10-11,117.85,119.25,110.7,113.3,15466
2019-10-14,115.15,120.7,112.0,116.8,33019
2019-10-15,119.0,120.5,112.0,115.85,16890
2019-10-16,117.0,119.75,114.3,114.8,11324
2019-10-17,115.0,116.65,113.5,114.8,9251
2019-10-18,116.0,118.0,113.45,114.75,18036
2019-10-22,114.75,119.2,113.0,115.0,21457
2019-10-23,113.1,126.5,113.1,122.6,98149
2019-10-24,118.2,124.55,116.5,118.4,48184
2019-10-25,116.0,126.0,116.0,122.3,29867
2019-10-29,121.8,128.0,121.8,123.15,31473
2019-10-30,121.0,126.8,121.0,122.35,33660
2019-10-31,121.5,127.0,120.7,121.25,25014
2019-11-01,121.25,123.6,119.25,119.45,20905
2019-11-04,121.2,122.2,116.55,117.7,37754
2019-11-05,118.0,119.75,117.0,117.4,13521
2019-11-06,116.0,123.85,116.0,119.2,37192
2019-11-07,119.5,120.4,117.9,118.15,11803
2019-11-08,117.55,119.7,115.3,115.95,21694
2019-11-13,117.35,121.05,112.6,114.1,28971
2019-11-14,114.5,116.6,113.25,113.7,21033
2019-11-15,114.7,115.05,109.5,110.7,28358
2019-11-18,111.0,114.75,106.45,107.3,54969
2019-11-19,107.9,108.6,102.75,104.2,41883
2019-11-20,104.95,105.35,99.8,101.9,22338
2019-11-21,102.65,112.05,102.1,109.5,30257
2019-11-22,115.5,119.8,113.05,115.1,94944
2019-11-25,115.1,115.15,110.35,111.25,37737
2019-11-26,114.9,114.9,104.0,105.45,86625
2019-11-27,106.1,109.5,106.0,107.2,28453
2019-11-28,107.0,107.4,102.6,104.25,41102
2019-11-29,104.0,107.95,104.0,104.85,35263
2019-12-02,105.05,105.65,102.5,103.95,19677
2019-12-03,104.85,107.6,98.8,100.1,79317
2019-12-04,100.15,101.65,99.45,100.65,18575
2019-12-05,100.75,103.0,99.85,100.35,20409
2019-12-06,102.0,113.5,102.0,105.05,248991
2019-12-09,105.05,105.8,102.45,102.9,39586
2019-12-10,103.0,104.5,100.5,100.8,28949
2019-12-11,102.6,108.0,100.25,101.4,91737
2019-12-12,102.8,103.9,101.1,101.6,69441
2019-12-13,102.8,103.9,101.8,102.1,36510
2019-12-16,102.85,104.7,101.7,102.25,44975
2019-12-17,102.75,104.0,101.7,102.05,36984
2019-12-18,101.7,107.4,101.7,103.8,47597
2019-12-19,104.0,106.8,103.0,104.0,24738
2019-12-20,104.5,105.8,101.55,102.1,47016
2019-12-23,101.6,105.4,101.6,103.0,22854
2019-12-24,102.3,104.5,102.1,102.3,10434
2019-12-26,102.1,103.35,99.9,100.3,16034
2019-12-27,100.3,104.2,100.3,102.0,20029
2019-12-30,99.6,104.4,99.6,102.95,23467
2019-12-31,103.05,103.7,101.35,101.7,14417
2020-01-01,102.1,115.0,102.1,110.5,141445
2020-01-02,110.0,112.55,109.2,110.6,41120
2020-01-03,108.2,116.55,108.2,111.7,60340
2020-01-06,111.7,111.7,103.7,104.3,38589
2020-01-07,106.0,110.2,105.7,107.75,49238
2020-01-08,104.6,106.85,104.0,105.35,20831
2020-01-09,106.5,110.95,106.5,107.8,29416
2020-01-10,107.8,113.3,107.8,108.95,42520
2020-01-13,109.8,111.8,108.5,108.9,22601
2020-01-14,109.1,113.0,108.1,109.3,30671
2020-01-15,110.0,111.2,108.2,109.95,23160
2020-01-16,109.95,125.4,109.95,115.9,287352
2020-01-17,115.9,119.9,114.7,115.25,76822
2020-01-20,116.6,116.7,111.45,112.15,38106
2020-01-21,112.8,114.4,110.95,112.2,35622
2020-01-22,112.5,113.85,109.8,110.4,32028
2020-01-23,110.65,112.25,109.5,110.4,27371
2020-01-24,110.55,112.7,109.8,110.5,25022
2020-01-27,109.2,111.5,109.2,109.6,16460
2020-01-28,109.6,111.1,105.7,107.05,24697
2020-01-29,106.5,110.0,106.0,106.95,14379
2020-01-30,107.0,107.5,103.85,105.05,26036
2020-01-31,106.1,106.7,102.15,103.05,15953
2020-02-01,102.3,105.0,101.7,102.15,15080
2020-02-03,102.1,104.0,101.4,101.7,12829
2020-02-04,102.75,104.5,102.55,103.6,13736
2020-02-05,104.0,106.35,103.4,104.7,20215
2020-02-06,105.65,106.8,104.15,104.6,13324
2020-02-07,105.9,106.5,104.0,104.35,21952
2020-02-10,103.2,103.2,100.0,101.8,21655
2020-02-11,102.4,110.9,101.05,103.65,57538
2020-02-12,104.6,106.35,103.0,103.2,23390
2020-02-13,103.2,103.9,102.1,102.45,49049
2020-02-14,102.1,106.6,102.0,102.5,34495
2020-02-17,103.0,105.2,101.45,102.1,19515
2020-02-18,102.9,104.95,101.5,101.7,24475
2020-02-19,102.9,104.15,101.25,101.7,23662
2020-02-20,102.0,103.5,99.0,100.75,15131
2020-02-24,100.8,100.8,97.0,97.35,33254
2020-02-25,100.45,100.45,94.0,94.6,23042
2020-02-26,94.5,98.2,93.15,94.1,20552
2020-02-27,94.1,95.1,93.4,93.7,15745
2020-02-28,92.0,92.0,88.0,88.65,17721
2020-03-02,91.05,94.5,86.3,88.9,18021
2020-03-03,90.95,92.0,87.9,90.15,15124
2020-03-04,91.45,91.8,87.4,88.7,11051
2020-03-05,89.95,91.75,88.5,88.7,23863
2020-03-06,87.0,87.0,81.65,83.25,16675
2020-03-09,83.4,83.4,76.55,77.6,16391
2020-03-11,77.8,81.9,76.0,76.1,13384
2020-03-12,75.0,75.0,67.5,69.65,33303
2020-03-13,65.0,73.0,58.05,62.95,90665
2020-03-16,62.9,65.6,61.0,63.05,21333
2020-03-17,65.0,65.0,60.15,61.65,13672
2020-03-18,61.7,63.5,55.15,56.25,26822
2020-03-19,55.0,55.0,49.5,50.9,24751
2020-03-20,51.35,55.35,49.65,52.7,23262
2020-03-23,50.0,50.0,47.45,47.5,7847
2020-03-24,49.5,49.5,42.75,43.5,17825
2020-03-25,43.0,44.7,39.75,42.3,14439
2020-03-26,42.9,45.5,42.75,43.95,18481
2020-03-27,45.25,47.75,44.3,44.65,13503
2020-03-30,45.0,46.8,42.8,45.7,6318
2020-03-31,46.5,47.5,44.8,46.9,4671
2020-04-01,46.0,47.9,45.95,46.6,6381
2020-04-03,46.65,47.0,45.6,46.15,1742
2020-04-07,48.0,50.75,47.25,50.7,12208
2020-04-08,53.25,55.7,53.15,54.25,9296
2020-04-09,55.75,59.65,55.75,59.65,19822
2020-04-13,61.95,62.4,57.2,61.0,15948
2020-04-15,63.0,63.85,60.2,62.05,9529
2020-04-16,63.6,63.6,60.1,61.25,7536
2020-04-17,62.95,63.8,62.15,62.75,14672
2020-04-20,62.15,64.15,62.0,62.1,5384
2020-04-21,60.25,60.9,59.0,59.0,6007
2020-04-22,59.9,59.9,56.05,59.25,11592
2020-04-23,57.5,60.5,57.0,60.3,1593
2020-04-24,58.8,60.3,57.3,58.3,3805
2020-04-27,58.4,59.85,55.4,57.2,3347
2020-04-28,57.0,58.9,56.5,57.4,1746
2020-04-29,57.5,59.0,57.4,58.05,2009
2020-04-30,59.9,60.0,58.15,58.9,3543
2020-05-04,57.75,58.9,56.0,56.0,8282
2020-05-05,57.55,57.95,53.5,55.15,3589
2020-05-06,54.3,57.5,54.0,56.8,3165
2020-05-07,56.1,56.1,55.0,55.0,3174
2020-05-08,55.05,56.5,54.3,54.55,965
2020-05-11,55.95,55.95,54.5,55.25,985
2020-05-12,55.0,55.0,53.05,54.75,2101
2020-05-13,55.95,56.95,54.0,56.3,12985
2020-05-14,55.05,56.2,55.0,55.5,3367
2020-05-15,56.95,56.95,53.4,54.2,9207
2020-05-18,54.2,56.9,52.2,53.6,5175
2020-05-19,53.5,54.7,52.0,52.35,2596
2020-05-20,53.85,53.85,51.25,52.1,801
2020-05-21,53.7,54.7,49.5,53.95,10724
2020-05-22,54.95,54.95,51.3,51.5,6535
2020-05-26,51.5,52.6,51.0,51.8,3509
2020-05-27,52.0,52.6,50.85,52.25,5614
2020-05-28,52.25,52.45,51.15,52.1,5223
2020-05-29,51.75,54.7,51.4,54.7,4381
2020-06-01,55.8,57.4,55.3,57.25,21323
2020-06-02,57.4,59.95,56.1,58.95,17834
2020-06-03,59.95,61.45,58.25,58.5,12170
2020-06-04,58.95,59.0,57.8,57.95,4351
2020-06-05,58.95,63.7,58.95,63.7,30042
2020-06-08,66.0,70.05,64.65,66.85,33868
2020-06-09,73.5,73.5,71.0,73.5,26029
2020-06-10,77.15,77.15,77.15,77.15,11487
2020-06-11,81.0,81.0,81.0,81.0,20285
2020-06-12,82.4,85.05,76.95,85.05,61923
2020-06-15,89.2,89.3,86.5,89.3,46140
2020-06-16,93.75,93.75,84.85,85.0,113265
2020-06-17,83.5,84.0,80.75,81.1,21945
2020-06-18,81.1,81.1,77.25,78.0,11699
2020-06-19,81.8,81.9,80.0,81.4,22154
2020-06-22,84.45,84.45,79.6,80.8,13189
2020-06-23,83.6,83.6,80.0,80.8,3068
2020-06-24,81.3,81.3,77.35,77.8,11883
2020-06-25,79.45,79.45,77.1,78.0,5564
2020-06-26,79.35,81.5,77.0,78.05,9988
2020-06-29,78.0,78.0,75.35,75.7,4497
2020-06-30,77.75,79.0,75.0,76.05,4903
2020-07-01,76.5,76.5,73.0,75.15,5609
2020-07-02,74.25,76.45,74.25,75.5,4506
2020-07-03,76.9,76.9,73.35,73.9,4486
2020-07-06,73.9,75.05,73.05,74.4,4982
2020-07-07,75.5,75.5,73.35,74.25,2144
2020-07-08,73.2,75.0,72.9,73.1,4781
2020-07-09,70.25,76.6,70.25,75.15,10560
2020-07-10,75.15,78.9,74.0,74.3,9470
2020-07-13,74.0,74.85,70.6,72.05,18165
2020-07-14,71.3,72.95,69.5,70.65,7773
2020-07-15,72.15,74.15,70.05,73.15,20501
2020-07-16,74.75,75.5,70.0,71.15,3167
2020-07-17,72.45,72.9,71.2,72.9,1906
2020-07-20,71.05,73.75,70.5,71.15,5991
2020-07-21,72.0,73.4,71.1,73.35,4771
2020-07-22,74.1,74.1,71.1,72.5,6296
2020-07-23,74.4,74.4,71.0,71.8,11594
2020-07-24,71.5,72.3,71.1,71.15,4867
2020-07-27,72.0,72.0,69.0,70.0,2521
2020-07-28,70.0,71.5,68.4,71.2,4815
2020-07-29,71.0,71.95,69.7,71.4,3136
2020-07-30,71.0,71.0,69.1,70.5,2003
2020-07-31,70.0,70.7,68.5,70.0,2272
2020-08-03,70.4,70.45,68.1,69.65,2183
2020-08-04,68.05,69.75,66.2,69.4,5816
2020-08-05,69.35,70.9,68.25,69.9,3684
2020-08-06,69.0,70.2,69.0,69.3,2800
2020-08-07,69.95,72.75,69.6,72.75,13386
2020-08-10,73.3,76.35,73.3,76.35,7132
2020-08-11,80.15,80.15,80.15,80.15,4204
2020-08-12,84.15,84.15,81.0,81.05,23185
2020-08-13,83.85,84.75,79.0,80.45,6585
2020-08-14,84.45,84.45,82.5,84.1,41756
2020-08-17,85.0,85.0,81.0,81.95,12082
2020-08-18,81.05,84.45,80.35,80.85,21431
2020-08-19,81.0,82.7,79.75,80.05,17038
2020-08-20,79.15,83.0,79.15,81.75,9639
2020-08-21,82.0,84.6,82.0,83.2,20275
2020-08-24,83.95,84.05,82.2,82.35,4285
2020-08-25,82.85,83.05,80.5,81.2,4736
2020-08-26,81.55,82.15,80.75,81.15,3487
2020-08-27,81.7,82.3,80.85,81.05,4029
2020-08-28,81.75,85.1,81.6,85.1,58563
2020-08-31,87.35,87.35,80.85,80.85,24149
2020-09-01,78.1,80.0,77.0,77.65,9609
2020-09-02,78.5,79.9,78.2,78.7,7955
2020-09-03,79.8,81.95,77.9,80.25,8219
2020-09-04,78.35,79.15,78.0,78.4,4925
2020-09-07,79.5,79.5,77.8,78.0,2711
2020-09-08,78.95,79.75,76.45,77.0,4017
2020-09-09,76.8,77.25,73.15,73.2,9657
2020-09-10,74.95,75.0,70.85,72.5,23293
2020-09-11,72.9,74.95,70.7,74.25,11600
2020-09-14,75.45,76.55,72.4,72.95,10410
2020-09-15,73.95,75.65,73.6,74.9,4938
2020-09-16,77.0,78.6,77.0,77.9,15288
2020-09-17,78.1,78.1,76.3,77.3,6924
2020-09-18,77.65,78.05,75.1,75.8,2807
2020-09-21,75.8,77.9,72.65,73.25,8492
2020-09-22,73.25,73.25,70.5,72.05,2556
2020-09-23,73.95,75.65,71.85,74.05,10068
2020-09-24,71.1,73.1,70.35,70.35,5166
2020-09-25,70.35,71.95,66.85,66.85,11787
2020-09-28,67.7,69.4,65.4,68.4,12573
2020-09-29,67.1,69.45,67.05,68.7,5886
2020-09-30,69.0,69.3,68.0,68.25,3757
2020-10-01,68.55,71.65,67.75,71.65,6657
2020-10-05,72.5,75.2,72.5,75.2,19908
2020-10-06,77.5,78.95,71.45,72.45,127386
2020-10-07,73.35,76.05,73.0,76.05,26028
2020-10-08,77.0,83.35,77.0,77.95,24791
2020-10-09,76.5,79.3,76.05,76.15,6575
2020-10-12,76.95,78.25,73.65,74.15,12146
2020-10-13,74.8,77.85,73.6,74.65,9359
2020-10-14,75.0,75.5,72.95,73.1,6566
2020-10-15,73.95,75.4,72.8,72.9,4734
2020-10-16,73.45,73.6,72.25,72.45,1741
2020-10-19,72.9,75.25,72.85,74.15,8129
2020-10-20,73.95,74.65,73.4,74.1,2530
2020-10-21,74.1,74.95,73.0,73.05,5192
2020-10-22,71.75,76.2,71.75,73.05,6952
2020-10-23,72.95,75.3,71.45,73.7,3151
2020-10-26,74.5,75.4,72.05,74.0,2412
2020-10-27,73.95,75.1,73.55,74.1,3199
2020-10-28,73.45,74.0,72.5,72.6,5692
2020-10-29,72.6,72.6,69.15,70.75,5762
2020-10-30,70.95,77.8,70.85,77.4,20349
2020-11-02,78.0,79.7,73.25,74.5,16458
2020-11-03,75.2,75.25,72.15,72.9,4578
2020-11-04,72.35,74.0,72.35,72.65,2479
2020-11-05,73.95,74.5,72.65,72.95,1789
2020-11-06,72.05,74.5,72.05,72.7,5462
2020-11-09,73.7,75.0,72.6,72.85,12471
2020-11-10,73.5,73.6,72.4,72.85,5332
2020-11-11,73.25,73.5,71.05,72.8,8859
2020-11-12,72.95,73.0,72.55,72.8,1714
2020-11-13,72.05,74.2,72.05,73.15,6745
2020-11-14,73.75,74.4,73.0,74.05,2266
2020-11-17,73.85,78.35,73.4,77.1,16505
2020-11-18,77.5,77.9,75.8,76.05,12465
2020-11-19,76.05,81.5,75.0,76.65,37147
2020-11-20,77.85,78.0,75.25,76.15,6942
2020-11-23,76.5,82.0,76.5,81.2,28977
2020-11-24,80.1,89.3,80.1,89.3,114856
2020-11-25,93.0,93.4,80.4,83.6,312197
2020-11-26,84.95,87.45,80.5,86.6,249094
2020-11-27,93.55,95.25,92.75,95.25,209977
2020-12-01,97.0,97.0,88.6,89.05,71044
2020-12-02,90.95,92.0,89.0,90.4,39563
2020-12-03,90.4,91.5,89.25,89.8,25259
2020-12-04,89.5,89.5,85.35,85.35,28000
2020-12-07,85.0,85.95,81.1,81.1,60187
2020-12-08,77.05,85.05,77.05,82.5,49584
2020-12-09,82.5,84.1,80.15,82.65,12499
2020-12-10,82.0,82.45,80.5,81.35,6436
2020-12-11,81.35,84.7,81.35,82.15,11227
2020-12-14,84.5,84.5,80.0,81.45,8975
2020-12-15,81.95,83.0,79.35,81.55,5993
2020-12-16,81.8,84.0,81.0,82.0,7719
2020-12-17,82.6,83.45,81.1,82.0,6659
2020-12-18,82.75,82.75,80.0,81.3,8032
2020-12-21,82.5,83.5,77.25,77.6,20976
2020-12-22,79.5,79.5,74.25,78.1,10051
2020-12-23,79.0,81.85,78.1,80.15,8836
2020-12-24,81.4,81.4,79.3,79.6,3660
2020-12-28,80.85,82.5,77.0,81.1,6177
2020-12-29,80.15,81.75,79.0,80.55,5910
2020-12-30,81.0,81.0,78.0,79.55,10761
2020-12-31,80.6,81.5,79.0,81.05,12836
2021-01-01,81.0,83.0,80.2,82.6,4195
2021-01-04,83.65,83.65,80.0,81.6,11437
2021-01-05,81.0,82.25,80.1,80.5,4701
2021-01-06,80.05,82.9,80.0,81.0,11600
2021-01-07,80.7,82.4,80.05,80.85,8326
2021-01-08,81.7,82.95,79.75,81.3,7670
2021-01-11,82.2,82.3,80.2,80.4,12645
2021-01-12,80.0,81.45,79.55,79.9,7677
2021-01-13,80.6,80.6,78.2,78.85,12676
2021-01-14,78.0,79.8,77.25,79.7,3942
2021-01-15,79.8,80.0,78.5,78.9,2953
2021-01-18,80.95,82.0,78.6,80.0,10679
2021-01-19,79.6,80.95,78.5,79.65,7677
2021-01-20,80.35,80.35,78.6,79.0,4566
2021-01-21,78.55,80.0,78.05,79.0,10889
2021-01-22,78.5,79.3,77.5,78.05,11451
2021-01-25,77.55,78.95,74.15,76.05,11029
2021-01-27,75.6,77.7,73.55,75.6,16118
2021-01-28,75.6,76.75,74.0,76.0,8773
2021-01-29,76.05,78.0,75.1,76.25,11445
2021-02-01,77.75,78.0,75.5,76.3,2918
2021-02-02,75.65,78.0,74.05,77.3,17365
2021-02-03,77.95,78.8,75.9,77.05,14577
2021-02-04,77.1,79.3,77.0,77.75,9399
2021-02-05,77.05,85.5,77.05,83.2,105008
2021-02-08,84.0,84.0,80.5,80.85,13255
2021-02-09,81.95,81.95,79.0,79.15,6474
2021-02-10,79.95,80.5,78.0,78.35,6623
2021-02-11,78.05,79.85,77.5,77.8,6312
2021-02-12,78.9,84.0,78.05,82.45,24998
2021-02-15,82.5,82.5,79.5,79.75,5854
2021-02-16,79.9,79.9,77.5,77.85,8107
2021-02-17,77.85,80.95,77.55,78.55,8125
2021-02-18,79.0,81.5,78.25,80.2,13940
2021-02-19,80.95,81.75,78.4,79.0,13699
2021-02-22,79.0,83.7,77.05,81.1,11086
2021-02-23,81.0,81.0,79.0,80.25,3534
2021-02-24,80.1,82.35,79.1,80.5,28419
2021-02-25,80.95,81.4,80.3,80.45,7918
2021-02-26,80.0,82.4,80.0,80.75,22308
2021-03-01,83.0,83.0,80.0,80.9,11132
2021-03-02,80.85,81.5,79.35,80.3,9391
2021-03-03,80.95,81.55,80.0,80.65,13116
2021-03-04,80.2,85.55,80.1,83.2,25449
2021-03-05,83.2,83.2,80.1,80.55,14873
2021-03-08,82.95,82.95,80.1,80.25,6398
2021-03-09,79.55,81.4,79.1,79.35,7072
2021-03-10,80.7,81.25,79.1,79.95,7825
2021-03-12,79.95,80.75,78.6,78.9,14326
2021-03-15,79.6,79.9,78.1,78.4,5113
2021-03-16,79.5,80.0,76.5,78.45,16465
2021-03-17,79.0,80.65,76.4,76.8,14862
2021-03-18,77.95,78.4,75.0,75.8,10922
2021-03-19,75.05,78.0,73.25,76.15,8761
2021-03-22,76.15,77.75,76.0,76.05,3309
2021-03-23,76.75,76.75,75.15,75.3,19064
2021-03-24,75.3,75.7,73.75,74.0,8970
2021-03-25,73.45,73.9,69.55,70.45,14587
2021-03-26,71.9,71.9,69.3,70.0,15747
2021-03-30,70.7,70.7,68.65,69.7,5544
2021-03-31,69.05,69.9,69.0,69.4,4886
2021-04-01,68.05,72.5,68.05,72.1,7150
2021-04-05,73.45,73.45,70.0,72.8,11660
2021-04-06,73.55,73.55,71.05,72.3,7652
2021-04-07,72.95,74.6,72.95,73.75,5179
2021-04-08,74.95,88.5,74.95,88.5,145252
2021-04-09,93.6,94.0,86.05,87.45,112031
2021-04-12,84.0,84.0,77.2,77.85,48899
2021-04-13,80.95,82.95,79.4,81.3,11182
2021-04-15,81.55,97.55,80.5,96.4,249710
2021-04-16,97.3,112.4,90.0,101.45,372637
2021-04-19,98.5,98.5,90.0,93.1,79388
2021-04-20,93.95,103.6,93.95,95.95,104259
2021-04-22,95.95,102.3,95.95,98.75,125434
2021-04-23,100.3,102.4,96.0,96.7,46854
2021-04-26,98.8,98.8,90.6,92.95,67669
2021-04-27,93.0,94.8,88.35,90.1,36201
2021-04-28,87.05,90.85,86.0,87.85,25521
2021-04-29,87.0,90.4,87.0,89.0,11577
2021-04-30,88.9,89.0,84.9,85.2,27329
2021-05-03,84.9,89.05,83.0,87.85,27900
2021-05-04,88.0,90.45,88.0,89.8,13322
2021-05-05,89.8,90.0,88.0,88.55,12477
2021-05-06,88.55,88.55,84.2,87.2,17650
2021-05-07,86.7,89.0,85.05,87.3,17135
2021-05-10,87.0,87.35,85.0,85.3,54271
2021-05-11,86.0,87.5,85.65,87.05,12527
2021-05-12,87.9,87.9,85.95,86.3,7670
2021-05-14,87.45,88.5,86.55,87.8,11300
2021-05-17,88.45,88.95,86.0,87.4,7270
2021-05-18,87.6,88.4,87.05,87.35,4683
2021-05-19,88.0,88.4,86.0,86.65,8577
2021-05-20,86.0,88.2,86.0,87.8,10316
2021-05-21,87.8,88.0,86.1,87.3,7862
2021-05-24,87.75,91.65,86.5,91.65,22021
2021-05-25,94.9,96.0,92.15,94.2,23238
2021-05-26,94.0,95.45,91.0,92.45,10341
2021-05-27,93.8,94.4,92.0,93.0,13462
2021-05-28,94.0,94.0,88.5,88.85,13386
2021-05-31,89.0,89.9,86.0,87.8,12602
2021-06-01,88.45,88.45,86.0,86.8,6945
2021-06-02,86.05,87.75,85.65,87.6,4909
2021-06-03,87.6,90.2,87.6,88.95,9363
2021-06-04,88.95,89.75,87.2,89.0,5604
2021-06-07,89.0,90.0,88.0,88.75,15865
2021-06-08,88.6,89.3,87.0,88.75,13157
2021-06-09,89.95,89.95,87.0,87.45,24327
2021-06-10,88.5,89.95,86.0,89.15,13844
2021-06-11,90.45,90.45,87.7,88.95,12969
2021-06-14,89.7,91.75,88.05,91.35,39248
2021-06-15,91.9,94.85,91.1,94.05,33030
2021-06-16,94.8,94.8,92.55,93.05,17777
2021-06-17,93.0,93.0,89.0,90.8,14408
2021-06-18,92.95,92.95,87.5,89.05,13945
2021-06-21,88.8,93.5,87.0,93.5,10263
2021-06-22,95.0,98.15,95.0,98.05,37206
2021-06-23,98.05,98.05,94.2,95.15,16127
2021-06-24,97.0,97.0,93.0,94.0,5867
2021-06-25,94.0,95.95,93.0,94.25,5697
2021-06-28,95.0,95.2,92.5,93.6,3237
2021-06-29,94.45,94.45,92.05,92.65,6078
2021-06-30,92.05,94.4,90.0,91.3,8693
2021-07-01,89.7,92.45,89.7,91.3,5084
2021-07-02,90.05,92.5,90.05,91.85,7810
2021-07-05,90.6,95.0,90.0,91.2,11599
2021-07-06,92.45,92.45,89.0,89.7,20519
2021-07-07,89.5,90.95,89.35,90.25,5934
2021-07-08,90.5,91.45,89.0,89.45,13937
2021-07-09,89.25,91.0,89.0,89.35,6039
2021-07-12,90.75,90.95,87.6,89.4,4863
2021-07-13,90.6,90.6,88.0,89.0,8987
2021-07-14,88.1,93.0,88.1,89.75,5653
2021-07-15,88.55,92.0,88.55,91.25,14664
2021-07-16,92.45,95.8,90.1,94.5,42339
2021-07-19,96.95,99.2,93.25,99.2,34189
2021-07-20,102.55,104.15,96.5,104.15,103028
2021-07-22,108.0,109.35,106.5,109.35,28481
2021-07-23,114.8,114.8,109.35,111.4,293099
2021-07-26,110.75,110.9,105.85,105.85,47869
2021-07-27,102.5,104.9,100.6,100.6,39876
2021-07-28,100.6,102.65,96.05,96.75,44654
2021-07-29,95.1,101.55,95.1,101.55,32735
2021-07-30,103.7,103.8,99.3,100.85,27155
2021-08-02,101.55,105.85,99.55,103.45,111182
2021-08-03,104.9,108.6,102.85,108.6,28504
2021-08-04,109.9,113.7,104.1,106.0,63978
2021-08-05,106.9,110.0,102.0,107.05,43781
2021-08-06,106.9,108.0,103.35,103.65,17279
2021-08-09,105.8,106.4,100.3,101.0,12001
2021-08-10,101.9,104.1,95.95,96.5,48378
2021-08-11,94.7,97.9,92.1,96.3,17072
2021-08-12,97.95,100.8,97.2,99.05,9201
2021-08-13,99.15,99.15,95.1,95.85,21203
2021-08-16,96.0,96.0,91.15,91.7,25890
2021-08-17,91.8,96.0,91.8,92.85,19768
2021-08-18,94.2,94.75,90.45,91.1,11118
2021-08-20,89.2,92.8,89.2,91.45,13731
2021-08-23,93.35,93.95,87.6,88.65,7932
2021-08-24,89.65,93.05,88.05,92.85,16410
2021-08-25,93.0,96.7,91.05,92.55,27301
2021-08-26,92.55,97.15,90.6,96.1,24918
2021-08-27,96.25,97.7,95.0,95.25,7908
2021-08-30,96.65,97.75,93.15,94.0,15394
2021-08-31,94.7,94.9,92.5,92.65,2277
2021-09-01,92.55,94.95,92.15,93.15,5961
2021-09-02,93.8,97.8,93.5,94.95,18844
2021-09-03,94.95,99.45,94.55,96.65,26398
2021-09-06,96.7,98.95,94.0,95.8,14591
2021-09-07,95.45,97.95,94.5,94.75,14276
2021-09-08,94.35,95.9,93.5,94.1,6698
2021-09-09,94.35,96.4,92.95,95.6,8886
2021-09-13,93.0,95.65,93.0,93.45,15609
2021-09-14,93.1,97.0,93.1,96.05,20494
2021-09-15,96.2,97.85,95.15,95.5,11157
2021-09-16,95.0,97.0,93.7,94.75,15668
2021-09-17,96.1,97.25,93.8,94.65,11760
2021-09-20,94.0,95.7,93.0,93.0,6188
2021-09-21,93.1,94.2,91.4,92.25,8851
2021-09-22,93.35,94.95,92.5,93.35,7125
2021-09-23,93.05,95.7,92.65,93.3,6033
2021-09-24,93.3,93.9,91.7,92.15,8444
2021-09-27,92.85,95.55,91.8,94.1,13490
2021-09-28,94.1,94.7,92.1,94.2,9558
2021-09-29,92.35,93.65,91.65,93.15,9100
2021-09-30,93.25,94.2,92.5,92.75,13969
2021-10-01,92.5,93.1,92.0,92.15,6544
2021-10-04,91.1,94.9,91.1,92.4,9986
2021-10-05,92.2,96.05,91.55,93.9,29669
2021-10-06,94.8,95.9,92.35,93.05,13210
2021-10-07,93.8,96.0,93.1,95.4,16425
2021-10-08,94.55,104.9,94.55,104.9,128944
2021-10-11,106.4,111.0,94.45,107.3,104902
2021-10-12,107.95,108.25,103.0,105.9,19772
2021-10-13,105.95,106.65,101.3,102.3,36157
2021-10-14,103.85,105.0,100.1,100.85,17150
2021-10-18,101.0,105.2,100.9,101.7,26489
2021-10-19,102.95,103.55,99.15,100.05,10915
2021-10-20,100.45,100.65,98.0,98.55,15002
2021-10-21,98.95,101.0,96.2,97.05,9674
2021-10-22,96.45,102.05,96.0,97.45,20820
2021-10-25,97.95,98.4,93.7,94.15,10204
2021-10-26,94.3,95.8,93.5,94.0,5516
2021-10-27,94.75,97.7,93.9,94.15,9220
2021-10-28,94.55,94.9,91.6,92.1,10337
2021-10-29,92.45,93.45,90.6,91.3,10104
2021-11-01,91.5,97.05,91.5,96.75,29157
2021-11-02,94.6,98.8,94.6,98.15,11353
2021-11-03,98.9,100.95,97.65,98.5,9884
2021-11-04,100.5,100.5,97.1,98.4,5690
2021-11-08,99.7,99.7,97.45,97.95,4080
2021-11-09,99.4,100.8,98.4,98.9,13370
2021-11-10,98.1,101.25,98.0,98.95,10068
2021-11-11,97.75,101.45,97.75,100.55,16761
2021-11-12,102.9,104.8,100.65,103.15,31459
2021-11-15,104.95,108.95,103.2,106.9,79867
2021-11-16,108.85,117.55,106.7,117.55,159051
2021-11-17,120.0,129.3,119.9,129.3,157835
2021-11-18,135.75,135.75,122.85,122.85,239717
2021-11-22,122.55,122.55,116.75,116.75,24715
2021-11-23,110.95,121.0,110.95,115.45,117267
2021-11-24,119.35,119.35,111.6,114.25,30037
2021-11-25,115.95,116.55,112.5,113.35,17378
2021-11-26,112.45,112.6,107.7,108.15,28157
2021-11-29,106.1,111.05,103.05,104.15,26381
2021-11-30,103.0,107.95,103.0,105.3,12854
2021-12-01,106.0,110.55,105.45,110.55,38002
2021-12-02,116.05,116.05,113.95,116.05,34901
2021-12-03,121.85,121.85,121.85,121.85,13129
2021-12-06,127.9,127.9,127.9,127.9,16214
2021-12-07,140.65,140.65,140.65,140.65,104860
2021-12-08,154.7,154.7,141.6,154.7,246391
2021-12-09,170.0,170.15,158.0,170.15,310462
2021-12-10,178.65,178.65,178.65,178.65,60602
2021-12-13,187.55,187.55,187.55,187.55,17883
2021-12-14,196.9,196.9,188.0,196.9,268684
2021-12-15,206.7,206.7,206.7,206.7,18215
2021-12-16,217.0,217.0,196.4,196.4,496912
2021-12-17,191.25,200.0,186.6,186.6,63382
2021-12-20,177.3,177.3,177.3,177.3,240483
2021-12-21,173.7,186.15,169.65,186.15,249779
2021-12-22,189.65,195.45,189.5,195.45,42201
2021-12-23,205.2,205.2,196.85,205.2,516873
2021-12-24,204.95,213.75,195.0,197.25,130927
2021-12-27,194.0,207.1,194.0,207.1,109477
2021-12-28,213.9,217.45,209.4,217.45,43077
2021-12-29,224.0,228.3,219.6,228.3,132554
2021-12-30,232.95,233.3,216.9,218.05,106439
2021-12-31,211.8,228.95,208.55,228.95,71521
2022-01-03,236.45,240.35,231.9,240.35,42937
2022-01-04,252.35,252.35,241.55,252.35,222268
2022-01-05,262.0,264.95,258.5,264.95,60189
2022-01-06,278.15,278.15,278.15,278.15,24664
2022-01-07,292.05,292.05,292.05,292.05,29393
2022-01-10,306.65,306.65,306.65,306.65,22949
2022-01-11,321.95,321.95,321.95,321.95,21887
2022-01-12,338.0,338.0,306.1,337.9,722904
2022-01-13,346.8,351.85,321.05,322.9,183667
2022-01-14,309.1,339.0,308.0,339.0,149873
2022-01-17,355.95,355.95,355.95,355.95,25187
2022-01-18,373.7,373.7,338.2,356.1,472236
2022-01-19,356.1,362.5,338.3,338.3,64170
2022-01-20,321.5,322.0,321.4,321.4,14781
2022-01-21,305.35,305.35,305.35,305.35,6447
2022-01-24,290.1,290.1,290.1,290.1,4441
2022-01-25,275.6,275.6,275.6,275.6,5569
2022-01-27,261.85,261.85,261.85,261.85,7049
2022-01-28,257.15,274.9,257.15,274.9,98860
2022-01-31,280.0,280.0,261.2,261.2,28164
2022-02-01,248.15,274.25,248.15,272.35,66281
2022-02-02,281.0,285.95,280.0,285.95,20439
2022-02-03,300.2,300.2,295.0,300.2,17076
2022-02-04,314.95,315.2,288.0,297.25,30227
2022-02-07,307.95,307.95,282.4,282.4,7803
2022-02-08,268.3,270.0,268.3,268.3,9959
2022-02-09,254.9,254.9,254.9,254.9,4206
2022-02-10,242.2,267.6,242.2,267.6,74531
2022-02-11,259.4,273.2,254.25,266.85,35613
2022-02-14,253.55,264.85,253.55,253.55,29861
2022-02-15,242.15,256.95,240.9,248.3,23600
2022-02-16,243.05,260.65,243.05,248.7,9210
2022-02-17,255.0,255.0,236.6,237.15,12644
2022-02-18,226.7,242.9,225.3,225.9,11089
2022-02-21,217.4,234.0,214.65,226.8,22851
2022-02-22,218.1,226.0,216.25,224.05,7658
2022-02-23,229.45,234.9,221.5,227.6,4117
2022-02-24,220.05,223.0,216.25,216.25,6822
2022-02-25,214.9,227.05,208.25,222.85,9925
2022-02-28,215.0,225.0,211.75,213.35,7738
2022-03-02,203.1,209.3,202.7,203.85,12824
2022-03-03,207.9,214.0,201.0,208.45,10597
2022-03-04,200.0,212.15,200.0,206.7,8368
2022-03-07,196.4,199.9,196.4,196.65,12548
2022-03-08,187.05,204.0,187.05,200.85,16830
2022-03-09,203.0,210.85,203.0,210.85,3692
2022-03-10,221.3,221.35,221.3,221.35,4860
2022-03-11,230.75,232.4,227.0,232.4,8327
2022-03-14,241.75,241.75,226.55,231.95,7972
2022-03-15,234.0,236.0,220.4,222.85,19021
2022-03-16,216.0,232.0,216.0,224.7,5910
2022-03-17,229.0,233.95,221.5,227.45,6808
2022-03-21,229.0,233.8,218.0,220.65,8746
2022-03-22,220.65,224.45,210.5,219.05,12683
2022-03-23,220.0,224.75,210.55,212.2,3551
2022-03-24,208.0,222.8,208.0,222.75,6996
2022-03-25,230.0,233.85,220.0,232.5,32260
2022-03-28,237.35,244.1,224.6,244.1,34317
2022-03-29,255.95,255.95,237.0,252.05,14689
2022-03-30,251.0,264.65,251.0,264.65,7563
2022-03-31,266.85,277.85,266.75,268.25,9366
2022-04-01,269.95,281.0,260.0,268.35,7612
2022-04-04,277.9,281.75,269.0,279.95,12038
2022-04-05,292.95,293.9,272.0,293.9,14892
2022-04-06,304.0,308.55,293.9,308.55,23422
2022-04-07,315.0,323.95,293.2,302.15,46927
2022-04-08,302.15,314.8,300.0,304.4,27827
2022-04-11,294.0,314.95,292.0,294.35,9357
2022-04-12,282.3,296.0,279.65,280.75,25741
2022-04-13,283.7,294.75,283.7,294.75,6682
2022-04-18,301.3,301.3,284.0,294.45,7230
2022-04-19,303.0,305.0,284.15,292.6,12405
2022-04-20,296.3,301.0,287.0,290.8,7523
2022-04-21,294.0,302.0,293.05,300.35,8396
2022-04-22,302.0,310.35,285.35,285.35,30099
2022-04-25,271.1,271.1,271.1,271.1,2149
2022-04-26,257.55,257.55,257.55,257.55,3914
2022-04-27,244.7,244.7,244.7,244.7,2914
2022-04-28,232.5,232.5,232.5,232.5,6279
2022-04-29,220.9,220.9,220.9,220.9,4432
2022-05-02,209.9,209.9,209.9,209.9,6303
2022-05-04,199.45,199.45,199.45,199.45,6748
2022-05-05,189.5,199.5,189.5,189.5,159916
2022-05-06,180.05,180.05,180.05,180.05,6539
2022-05-09,171.05,171.05,171.05,171.05,4694
2022-05-10,162.5,173.35,162.5,162.5,129297
2022-05-11,157.05,170.6,154.4,161.65,81926
2022-05-12,158.0,160.45,153.6,153.6,83611
2022-05-13,151.55,158.0,145.95,145.95,104262
2022-05-16,144.1,153.2,140.15,149.1,34622
2022-05-17,151.0,156.55,147.0,156.55,15208
2022-05-18,164.35,164.35,164.35,164.35,28570
2022-05-19,169.0,172.55,157.7,172.55,60849
2022-05-20,181.15,181.15,181.15,181.15,3822
2022-05-23,190.2,190.2,190.2,190.2,10332
2022-05-24,199.7,199.7,180.7,180.7,173265
2022-05-25,179.05,180.45,171.7,171.7,16784
2022-05-26,163.15,176.75,163.15,171.3,41310
2022-05-27,173.05,174.6,163.1,165.05,16764
2022-05-30,170.55,173.3,169.25,173.3,3321
2022-05-31,181.95,181.95,175.9,181.95,23364
2022-06-01,186.0,186.0,172.9,175.15,33900
2022-06-02,174.1,176.85,171.0,171.85,6519
2022-06-03,173.15,177.0,166.05,167.3,9841
2022-06-06,168.3,168.3,164.1,166.25,4632
2022-06-07,165.5,174.55,165.5,170.05,40941
2022-06-08,170.4,172.95,165.0,165.7,10191
2022-06-09,166.05,169.4,164.6,168.2,8702
2022-06-10,166.0,173.15,165.7,169.15,10499
2022-06-13,164.15,166.45,161.45,163.45,11759
2022-06-14,161.05,171.6,158.95,168.15,28403
2022-06-15,170.2,171.5,165.5,166.35,5392
2022-06-16,169.8,170.85,158.05,158.05,7702
2022-06-17,150.55,162.0,150.55,151.9,8876
2022-06-20,152.0,154.9,144.35,144.35,13850
2022-06-21,147.2,151.55,144.65,151.55,3271
2022-06-22,158.5,159.1,144.0,156.1,20598
2022-06-23,159.9,163.9,158.25,163.9,25100
2022-06-24,170.85,172.05,169.0,172.05,1457
2022-06-27,179.0,180.65,167.75,169.6,35740
2022-06-28,169.85,172.15,168.0,170.05,6306
2022-06-29,167.05,170.4,165.15,168.15,11439
2022-06-30,169.05,172.0,165.6,166.95,3293
2022-07-01,163.15,167.5,160.4,164.0,4176
2022-07-04,166.7,168.3,162.95,164.65,2524
2022-07-05,166.9,172.85,166.5,172.85,9137
2022-07-06,175.95,181.45,167.3,181.45,16826
2022-07-07,182.0,190.5,177.0,184.9,46494
2022-07-08,189.0,194.0,181.15,191.85,26404
2022-07-11,187.0,195.3,187.0,189.75,13871
2022-07-12,189.9,190.8,186.1,187.7,7050
2022-07-13,189.9,194.7,185.05,188.3,4533
2022-07-14,188.3,188.85,180.15,180.95,5031
2022-07-15,182.85,187.55,181.75,186.8,4937
2022-07-18,188.0,188.9,184.45,186.75,9549
2022-07-19,187.0,196.05,186.55,196.05,37463
2022-07-20,199.0,203.0,192.1,194.8,21691
2022-07-21,194.8,197.45,189.3,190.45,4542
2022-07-22,190.5,196.35,190.0,191.0,5078
2022-07-25,191.0,191.15,183.0,184.05,7245
2022-07-26,185.55,186.95,178.5,180.45,5547
2022-07-27,179.1,183.8,173.55,175.0,8516
2022-07-28,176.85,178.0,172.5,173.2,5970
2022-07-29,175.65,181.85,174.95,181.85,20172
2022-08-01,184.85,190.9,180.4,190.9,33416
2022-08-02,190.4,197.35,185.15,192.25,18785
2022-08-03,192.6,194.8,186.9,187.65,6593
2022-08-04,189.95,197.0,186.55,197.0,72511
2022-08-05,202.0,205.05,186.85,188.05,20670
2022-08-08,188.5,195.95,185.0,187.0,7906
2022-08-10,190.0,190.0,185.0,185.9,22450
2022-08-11,186.0,191.0,183.4,184.0,6980
2022-08-12,185.95,190.0,181.6,185.1,6960
2022-08-16,189.95,189.95,182.8,184.85,4730
2022-08-17,186.35,187.5,181.45,183.6,6795
2022-08-18,183.0,192.05,180.3,191.85,29387
2022-08-19,191.0,195.0,188.85,189.4,8011
2022-08-22,186.0,188.7,184.1,184.95,4421
2022-08-23,186.05,186.8,181.25,181.9,6645
2022-08-24,183.0,184.95,181.0,181.75,3527
2022-08-25,181.7,184.2,181.7,182.6,7492
2022-08-26,183.85,184.45,178.9,181.45,3820
2022-08-29,176.4,181.4,174.0,178.05,6491
2022-08-30,180.6,193.0,179.0,182.35,12230
2022-09-01,182.35,190.05,180.75,188.25,12066
2022-09-02,190.0,193.4,180.0,181.65,15044
2022-09-05,182.3,187.0,182.3,185.5,9208
2022-09-06,182.55,189.0,182.5,183.6,5394
2022-09-07,182.55,189.0,182.5,186.1,9061
2022-09-08,186.0,187.85,183.0,185.2,4552
2022-09-09,185.9,185.9,180.5,181.05,7305
2022-09-12,180.45,184.8,176.9,178.8,5542
2022-09-13,179.0,196.65,179.0,193.05,244572
2022-09-14,191.3,194.0,186.1,187.05,16429
2022-09-15,186.5,192.85,185.0,186.3,11467
2022-09-16,188.8,189.0,177.7,178.95,19622
2022-09-19,176.0,182.95,176.0,176.85,8897
2022-09-20,179.9,186.0,176.85,181.2,14739
2022-09-21,180.55,182.55,177.0,177.55,10090
2022-09-22,177.65,180.8,175.35,176.3,6311
2022-09-23,179.65,180.8,165.0,166.65,8701
2022-09-26,166.65,171.8,152.85,157.55,18150
2022-09-27,159.8,163.0,148.85,155.3,19491
2022-09-28,155.0,169.0,154.2,164.5,14701
2022-09-29,166.0,169.4,161.0,162.6,14620
2022-09-30,161.8,166.9,158.45,161.25,11648
2022-10-03,164.8,170.1,162.2,163.2,16796
2022-10-04,166.0,174.45,163.5,168.3,13220
2022-10-06,169.9,173.95,168.5,170.1,7912
2022-10-07,170.0,182.05,168.0,174.15,24073
2022-10-10,173.5,186.7,172.85,182.4,37103
2022-10-11,185.0,185.05,174.6,176.2,16049
2022-10-12,178.0,178.5,169.9,172.45,8909
2022-10-13,172.45,173.6,168.0,168.65,7986
2022-10-14,172.35,174.85,169.0,170.6,7373
2022-10-17,170.6,172.0,166.9,167.7,9560
2022-10-18,169.0,171.45,163.9,165.9,11923
2022-10-19,167.2,168.7,164.45,164.55,3964
2022-10-20,165.15,167.15,162.25,163.05,4863
2022-10-21,164.65,167.0,159.05,161.9,5052
2022-10-24,164.2,166.05,162.9,164.85,4170
2022-10-25,163.75,169.15,163.05,166.0,9852
2022-10-27,166.0,167.7,160.55,162.7,3539
2022-10-28,164.7,164.7,160.8,161.65,1912
2022-10-31,163.9,164.8,157.0,157.35,6938
2022-11-01,159.45,162.95,158.0,159.1,5198
2022-11-02,158.15,160.8,158.05,159.4,11771
2022-11-03,158.15,160.7,156.55,157.35,8335
2022-11-04,158.4,161.8,154.25,157.25,5181
2022-11-07,158.5,160.65,157.05,158.75,3173
2022-11-09,156.7,163.95,156.7,158.25,8174
2022-11-10,155.0,158.55,151.0,154.65,4108
2022-11-11,158.7,161.6,154.9,155.6,5029
2022-11-14,155.3,160.45,151.75,153.65,9447
2022-11-15,151.75,162.8,151.3,157.9,9970
2022-11-16,157.4,158.0,152.85,153.55,4277
2022-11-17,153.6,153.6,150.4,151.7,9017
2022-11-18,152.9,153.3,147.05,148.6,7078
2022-11-21,148.75,149.15,142.05,142.6,9696
2022-11-22,142.2,147.6,142.2,143.3,5129
2022-11-23,144.5,146.9,142.6,143.85,3311
2022-11-24,145.45,151.45,144.0,146.35,7352
2022-11-25,146.35,154.45,145.0,152.55,9418
2022-11-28,153.0,157.5,152.9,153.8,5974
2022-11-29,153.95,155.6,150.4,151.2,2709
2022-11-30,150.0,153.05,150.0,152.15,3610
2022-12-01,152.1,157.05,150.9,151.8,3061
2022-12-02,151.5,153.55,148.7,151.2,7203
2022-12-05,152.0,162.0,147.45,159.5,25236
2022-12-06,158.9,160.15,155.65,156.7,9143
2022-12-07,155.9,157.5,151.6,152.6,7804
2022-12-08,152.95,163.0,152.0,159.0,27096
2022-12-09,158.85,159.0,155.9,157.5,4871
2022-12-12,157.55,158.1,154.0,154.45,7602
2022-12-13,155.55,157.05,153.6,155.45,5555
2022-12-14,155.1,157.9,152.5,156.6,9340
2022-12-15,156.75,158.7,154.1,156.85,7337
2022-12-16,154.4,156.95,148.25,150.05,13530
2022-12-19,150.3,156.45,149.45,154.75,3904
2022-12-20,154.15,159.0,152.25,155.05,7662
2022-12-21,155.05,163.45,154.7,155.45,18447
2022-12-22,157.7,159.5,149.8,155.4,5907
2022-12-23,151.55,156.4,147.25,148.65,11879
2022-12-26,148.85,157.0,146.8,153.75,4409
2022-12-27,155.55,158.95,153.1,157.55,8121
2022-12-28,156.9,161.5,155.45,156.85,10978
2022-12-29,157.5,173.5,156.8,167.15,36870
2022-12-30,167.2,172.15,165.75,168.4,18173
2023-01-02,168.55,178.25,168.55,174.6,34738
2023-01-03,176.0,176.0,166.85,168.35,16314
2023-01-04,169.5,170.7,163.15,163.8,13109
2023-01-05,163.95,167.9,162.8,165.8,10034
2023-01-06,164.85,166.2,162.45,163.45,15067
2023-01-09,163.95,171.0,163.75,168.05,5812
2023-01-10,168.1,168.1,164.25,166.1,7075
2023-01-11,166.55,168.7,162.1,163.75,8816
2023-01-12,164.3,164.95,162.0,164.0,7794
2023-01-13,163.65,170.55,162.15,169.2,13615
2023-01-16,170.0,173.4,164.95,165.6,8279
2023-01-17,165.85,168.0,164.0,165.7,7977
2023-01-18,166.6,167.0,163.4,163.85,7235
2023-01-19,163.75,169.25,162.95,166.2,5840
2023-01-20,167.0,182.0,164.8,177.7,64027
2023-01-23,180.7,180.7,167.7,169.45,28925
2023-01-24,171.9,173.5,167.6,168.65,4470
2023-01-25,169.05,170.95,164.0,167.7,12786
2023-01-27,176.8,176.8,161.2,163.45,11775
2023-01-30,165.2,165.2,158.05,161.1,13044
2023-01-31,158.5,167.5,158.05,164.5,32770
2023-02-01,166.5,169.5,164.1,165.95,14031
2023-02-02,168.85,173.05,165.1,170.85,5532
2023-02-03,169.65,182.0,169.5,180.5,49483
2023-02-06,192.05,205.1,182.2,185.65,50851
2023-02-07,182.1,189.55,177.0,177.6,30365
2023-02-08,177.3,207.4,177.3,195.2,160346
2023-02-09,194.6,201.95,190.3,192.35,56446
2023-02-10,190.1,201.6,189.4,198.85,27004
2023-02-13,198.85,216.65,195.95,208.15,141091
2023-02-14,210.9,219.7,207.5,213.1,84268
2023-02-15,216.2,216.2,207.0,212.55,40500
2023-02-16,214.1,214.1,204.6,207.55,30215
2023-02-17,209.9,210.75,201.85,203.4,29156
2023-02-20,205.05,208.7,200.3,202.95,53744
2023-02-21,207.2,207.2,195.2,196.7,56578
2023-02-22,197.0,205.5,192.7,194.25,57246
2023-02-23,196.65,200.85,194.0,195.25,104900
2023-02-24,195.6,201.1,187.65,189.15,184779
2023-02-27,192.65,200.0,188.95,196.35,84992
2023-02-28,202.9,205.7,196.55,204.45,80209
2023-03-01,204.25,206.0,199.0,201.1,55163
2023-03-02,201.1,205.0,197.35,198.0,18459
2023-03-03,200.8,201.25,197.0,197.75,16206
2023-03-06,199.15,213.4,199.15,206.25,46092
2023-03-08,203.3,206.0,200.55,201.45,25643
2023-03-09,203.25,203.45,194.0,195.6,37039
2023-03-10,192.95,193.45,190.25,191.6,19823
2023-03-13,190.0,193.9,180.0,180.75,27453
2023-03-14,182.1,183.05,172.0,173.4,15368
2023-03-15,174.8,178.0,165.9,166.85,33650
2023-03-16,164.4,168.15,162.05,164.5,35385
2023-03-17,166.6,171.0,162.4,169.6,32334
2023-03-20,163.4,168.3,163.4,166.55,18181
2023-03-21,167.5,167.8,163.7,165.45,10151
2023-03-22,165.7,172.75,165.25,166.15,14112
2023-03-23,166.55,169.4,163.2,164.55,15503
2023-03-24,164.65,177.15,164.0,175.75,27267
2023-03-27,175.05,187.9,172.35,177.85,35939
2023-03-28,179.1,183.5,173.0,176.95,27124
2023-03-29,174.75,179.95,171.05,175.05,23746
2023-03-31,173.2,180.85,173.2,175.05,21163
2023-04-03,177.85,185.0,176.45,183.25,25523
2023-04-05,182.0,184.5,179.25,181.55,7775
2023-04-06,180.45,182.4,171.0,173.25,31206
2023-04-10,175.0,175.2,168.25,168.5,7913
2023-04-11,169.45,175.0,168.9,171.4,9459
2023-04-12,172.4,174.0,169.2,170.0,21969
2023-04-13,170.35,174.8,169.8,172.6,18079
2023-04-17,172.1,172.1,163.5,166.6,26590
2023-04-18,167.65,168.95,165.1,166.75,5215
2023-04-19,167.95,170.0,166.75,167.2,9497
2023-04-20,168.25,168.85,165.05,166.35,3293
2023-04-21,167.0,170.25,166.05,167.25,11878
2023-04-24,168.0,168.0,162.6,164.05,6435
2023-04-25,165.5,167.5,164.5,165.65,7765
2023-04-26,166.05,169.1,164.3,166.15,7222
2023-04-27,166.95,173.45,166.25,168.85,9691
2023-04-28,170.1,171.5,168.25,170.15,6101
2023-05-02,167.0,171.7,167.0,169.4,4386
2023-05-03,168.5,172.6,168.5,171.1,4356
2023-05-04,171.95,176.0,170.1,173.4,11117
2023-05-05,172.75,173.15,169.5,170.1,4343
2023-05-08,170.1,174.5,169.0,173.75,3733
2023-05-09,171.1,174.95,171.0,171.6,3682
2023-05-10,171.65,181.0,170.2,177.85,22908
2023-05-11,177.6,180.0,175.0,176.0,7209
2023-05-12,175.8,180.05,172.15,174.3,11107
2023-05-15,175.3,175.7,172.95,173.25,2514
2023-05-16,173.25,174.2,170.0,170.4,5517
2023-05-17,171.3,172.85,169.2,169.9,1807
2023-05-18,171.05,172.8,167.0,167.9,2737
2023-05-19,168.5,170.9,165.0,165.85,5999
2023-05-22,165.9,181.55,165.9,175.45,36238
2023-05-23,178.05,178.85,173.15,178.25,8107
2023-05-24,178.5,183.8,177.95,180.95,13323
2023-05-25,178.05,178.05,162.7,163.75,57031
2023-05-26,164.65,168.45,162.3,162.85,22547
2023-05-29,166.45,167.6,161.8,162.0,8030
2023-05-30,163.25,164.9,162.35,163.9,3957
2023-05-31,164.25,171.45,164.25,169.45,17775
2023-06-01,171.45,172.4,165.0,166.5,5551
2023-06-02,168.9,169.8,164.75,166.0,5510
2023-06-05,166.95,167.65,164.25,165.15,12620
2023-06-06,164.5,165.95,163.25,163.95,10243
2023-06-07,165.0,165.0,162.8,163.6,10387
2023-06-08,164.45,167.65,164.0,165.1,6858
2023-06-09,165.6,169.0,163.8,167.3,9325
2023-06-12,167.35,170.9,163.55,169.95,12997
2023-06-13,169.95,172.7,169.2,170.9,11041
2023-06-14,170.9,173.45,170.15,170.95,12200
2023-06-15,171.0,171.55,168.65,169.7,6995
2023-06-16,169.9,173.0,169.9,171.85,13143
2023-06-19,171.3,173.05,169.0,171.1,9596
2023-06-20,171.1,176.0,170.25,173.25,18099
2023-06-21,173.45,173.75,168.5,169.0,10092
2023-06-22,169.1,173.45,168.0,168.1,13397
2023-06-23,168.15,201.7,167.45,201.7,224507
2023-06-26,204.5,227.65,198.95,206.1,247879
2023-06-27,208.85,221.8,202.65,215.0,109665
2023-06-28,211.85,222.2,211.85,216.75,47423
2023-06-30,238.0,256.2,232.65,244.2,251534
2023-07-03,247.95,247.95,221.0,223.95,98635
2023-07-04,227.0,246.3,222.45,244.9,252984
2023-07-05,244.4,255.15,241.55,246.95,72926
2023-07-06,247.05,252.6,243.85,247.1,24579
2023-07-07,243.25,248.5,238.2,241.65,16487
2023-07-10,244.95,244.95,228.85,230.55,13665
2023-07-11,234.95,249.85,232.85,245.1,51318
2023-07-12,246.35,253.0,243.3,247.25,39517
2023-07-13,248.0,271.95,247.7,271.25,235787
2023-07-14,275.6,282.2,263.85,268.9,67067
2023-07-17,268.9,273.45,261.05,263.0,28291
2023-07-18,265.05,268.9,251.0,254.75,22441
2023-07-19,259.4,263.5,249.8,250.7,11375
2023-07-20,250.7,261.7,250.7,254.85,16842
2023-07-21,254.0,256.25,251.35,253.25,8695
2023-07-24,253.25,258.0,250.95,255.55,7859
2023-07-25,257.85,263.1,252.3,253.3,13097
2023-07-26,255.15,255.85,240.55,242.9,9726
2023-07-27,246.55,246.55,231.7,233.4,13001
2023-07-28,235.7,248.65,234.0,244.55,43391
2023-07-31,248.0,248.0,235.8,241.25,17286
2023-08-01,241.95,241.95,232.1,234.05,15085
2023-08-02,234.4,237.0,220.55,227.95,14321
2023-08-03,229.4,234.0,225.0,228.75,7681
2023-08-04,232.9,235.55,228.1,230.8,3923
2023-08-07,232.5,234.45,227.1,231.05,10529
2023-08-08,230.0,254.15,229.65,254.15,156529
2023-08-09,271.95,279.55,261.5,279.55,182888
2023-08-10,284.7,302.45,272.0,273.5,167524
2023-08-11,274.05,286.5,265.8,271.5,43715
2023-08-14,278.8,278.8,261.25,262.7,21893
2023-08-16,264.0,288.95,263.65,288.95,23727
2023-08-17,304.95,310.05,294.0,299.45,91438
2023-08-18,300.95,300.95,289.55,293.65,33252
2023-08-21,289.05,295.65,283.15,285.75,11594
2023-08-22,295.0,314.3,291.85,314.3,71433
2023-08-23,330.0,342.95,325.05,330.7,161862
2023-08-24,332.1,339.0,323.8,326.7,49290
2023-08-25,328.95,343.0,326.8,343.0,81298
2023-08-28,351.2,360.15,337.85,350.15,162173
2023-08-29,340.15,341.45,332.65,332.65,27508
2023-08-30,320.05,342.8,316.05,327.1,79727
2023-08-31,326.05,339.85,326.05,331.65,34873
2023-09-01,333.7,348.2,331.0,334.4,131580
2023-09-04,339.95,339.95,324.8,327.05,28589
2023-09-05,332.25,339.5,324.1,328.2,38972
2023-09-06,325.8,335.6,315.1,318.65,27327
2023-09-07,320.85,333.8,320.85,321.95,32111
2023-09-08,324.8,330.1,318.1,320.75,15182
2023-09-11,322.0,328.0,316.2,319.0,17077
2023-09-12,319.0,324.35,303.05,303.05,24129
2023-09-13,301.0,302.05,287.9,299.95,29418
2023-09-14,296.0,307.9,296.0,300.85,8232
2023-09-15,311.0,311.0,293.0,293.7,5171
2023-09-18,295.1,304.2,290.1,296.65,6236
2023-09-20,304.2,304.2,291.0,291.75,8166
2023-09-21,290.0,290.0,280.8,285.55,8445
2023-09-22,288.3,299.75,282.85,293.4,10534
2023-09-25,297.85,305.25,292.3,296.75,12575
2023-09-26,292.25,294.3,283.45,285.1,12763
2023-09-27,284.85,295.9,282.8,287.8,27867
2023-09-28,283.95,285.65,273.45,274.5,16766
2023-09-29,280.0,288.2,278.0,281.05,30246
2023-10-03,281.05,282.4,271.7,275.35,11657
2023-10-04,275.0,277.45,266.1,266.9,4097
2023-10-05,271.4,273.55,267.0,271.1,7768
2023-10-06,273.4,273.4,261.35,263.75,13097
2023-10-09,262.0,262.0,250.6,251.0,7836
2023-10-10,251.9,257.05,243.25,244.85,11204
2023-10-11,245.3,257.05,244.0,252.65,43076
2023-10-12,251.4,252.2,247.0,249.2,9942
2023-10-13,248.8,249.2,241.1,242.55,9925
2023-10-16,244.85,254.65,240.0,254.65,19909
2023-10-17,264.3,267.35,262.15,267.35,25530
2023-10-18,277.85,277.9,262.3,270.05,28978
2023-10-19,267.05,283.55,267.05,282.7,16712
2023-10-20,286.8,290.0,275.55,278.15,28828
2023-10-23,272.0,284.1,264.5,264.8,13558
2023-10-25,268.15,270.9,251.6,252.9,8706
2023-10-26,252.4,265.5,240.35,265.35,21967
2023-10-27,265.4,274.0,260.0,262.3,13114
2023-10-30,264.9,267.9,258.95,259.4,2634
2023-10-31,256.95,266.0,256.9,262.55,7044
2023-11-01,263.5,267.0,260.1,263.85,2710
2023-11-02,267.95,267.95,263.5,265.65,3129
2023-11-03,265.0,267.65,260.45,261.15,5565
2023-11-06,265.3,269.0,264.5,265.9,7170
2023-11-07,266.25,274.5,264.0,270.4,5331
2023-11-08,273.15,280.05,269.15,270.15,10281
2023-11-09,283.65,283.65,283.65,283.65,4064
2023-11-10,297.8,297.8,295.0,297.8,100521
2023-11-12,312.65,312.65,300.0,312.65,6214
2023-11-13,324.2,327.45,304.75,307.45,31524
2023-11-15,307.45,322.8,305.55,318.2,27973
2023-11-16,318.2,334.0,317.35,331.75,42320
2023-11-17,334.75,348.3,334.75,348.3,82296
2023-11-20,362.0,365.7,355.3,365.7,38618
2023-11-21,382.95,383.95,374.3,383.95,109565
2023-11-22,400.15,403.1,395.55,403.1,71204
2023-11-23,420.05,423.25,391.95,423.25,138660
2023-11-24,432.95,444.4,412.2,424.0,113277
2023-11-28,423.65,445.2,404.0,445.2,129216
2023-11-29,458.35,467.45,456.0,467.45,73755
2023-11-30,490.8,490.8,482.6,490.8,36725
2023-12-01,515.0,515.3,481.95,514.1,107078
2023-12-04,520.3,539.8,520.3,539.8,9452
2023-12-05,566.75,566.75,545.0,566.75,72903
2023-12-06,593.0,595.05,590.0,595.05,5933
2023-12-07,624.8,624.8,624.8,624.8,1456
2023-12-08,656.0,656.0,656.0,656.0,1839
2023-12-11,688.8,688.8,623.2,623.2,72439
2023-12-12,592.05,592.05,592.05,592.05,6173
2023-12-13,562.45,562.45,562.45,562.45,7132
2023-12-14,534.35,590.55,534.35,537.45,162252
2023-12-15,510.6,526.0,510.6,510.6,64803
2023-12-18,485.1,525.8,485.1,494.75,48642
2023-12-19,498.85,498.85,470.05,470.05,59518
2023-12-20,465.0,491.95,446.55,447.0,51375
2023-12-21,430.25,469.35,424.65,469.35,56554
2023-12-22,487.8,492.8,478.75,492.8,42270
2023-12-26,502.7,508.9,468.2,474.3,38339
2023-12-27,474.9,474.9,454.1,455.2,10091
2023-12-28,455.0,477.95,455.0,477.8,22367
2023-12-29,480.15,485.0,468.05,472.9,16697
2024-01-01,475.0,477.0,465.0,465.55,11611
2024-01-02,466.0,468.0,451.2,458.35,11718
2024-01-03,453.5,463.95,443.05,448.5,14304
2024-01-04,448.5,459.95,440.0,453.75,8058
2024-01-05,453.75,459.7,446.75,449.35,12969
2024-01-08,450.0,451.95,437.0,438.45,14465
2024-01-09,438.0,460.35,437.0,460.35,7333
2024-01-10,466.0,473.8,456.6,462.25,10392
2024-01-11,470.95,475.0,461.2,463.4,7340
2024-01-12,462.0,469.9,452.0,453.65,10828
2024-01-15,454.95,460.75,446.0,446.85,14528
2024-01-16,447.5,456.0,442.0,447.25,8527
2024-01-17,432.25,450.0,432.25,442.3,4542
2024-01-18,444.0,444.0,422.0,425.65,22057
2024-01-19,424.0,434.7,415.0,417.05,14628
2024-01-20,422.0,437.9,419.0,437.3,32460
2024-01-23,435.55,450.0,415.45,415.45,17033
2024-01-24,415.45,415.45,394.7,403.25,23872
2024-01-25,406.95,422.75,405.15,413.1,9788
2024-01-29,416.9,430.5,414.0,426.85,14757
2024-01-30,419.0,430.45,419.0,420.95,10428
2024-01-31,428.35,428.35,419.0,424.15,8257
2024-02-01,427.0,427.0,418.0,421.45,4536
2024-02-02,424.8,428.6,411.1,418.4,8772
2024-02-05,413.05,439.3,405.0,439.3,31737
2024-02-06,449.95,461.25,448.95,461.25,37687
2024-02-07,483.3,484.3,469.0,482.65,64291
2024-02-08,488.0,494.0,459.2,460.2,11673
2024-02-09,469.0,469.0,437.2,438.05,23768
2024-02-12,438.05,459.0,418.4,439.65,17686
2024-02-13,461.6,461.6,453.55,461.6,80404
2024-02-14,468.4,484.65,455.0,484.65,77560
2024-02-15,503.0,508.85,474.65,508.85,130665
2024-02-16,526.9,534.2,514.15,532.3,83468
2024-02-19,554.0,554.0,532.3,538.55,54416
2024-02-20,545.1,545.1,511.65,511.65,25523
2024-02-21,488.55,501.45,486.1,486.1,25096
2024-02-22,486.0,510.4,464.5,510.4,31960
2024-02-23,514.0,532.6,499.95,512.15,19004
2024-02-26,512.15,527.5,492.15,497.3,21940
2024-02-27,495.0,507.8,487.0,489.65,16554
2024-02-28,488.0,505.0,473.0,476.25,8101
2024-02-29,477.7,498.95,468.0,475.85,7588
2024-03-01,475.85,489.8,468.85,477.95,10273
2024-03-02,478.0,487.0,470.0,476.55,3393
2024-03-04,480.0,480.0,458.0,459.05,6648
2024-03-05,461.45,462.0,440.0,448.9,13182
2024-03-06,446.8,446.8,428.9,442.05,15722
2024-03-07,441.0,448.0,440.0,444.1,4797
2024-03-11,425.05,436.0,421.9,421.9,16157
2024-03-12,420.0,420.0,400.9,404.9,24040
2024-03-13,404.9,405.0,384.7,384.7,17238
2024-03-14,380.0,399.9,365.5,390.5,18039
2024-03-15,390.0,398.0,385.0,395.9,17431
2024-03-18,402.45,415.65,397.0,405.45,39496
2024-03-19,406.15,411.9,386.2,388.1,28595
2024-03-20,390.0,401.9,387.0,394.65,4413
2024-03-21,399.75,411.0,396.4,406.95,18687
2024-03-22,408.0,408.0,399.5,402.05,16659
2024-03-26,404.0,408.25,390.5,394.8,10673
2024-03-27,392.0,397.0,379.0,381.55,24620
2024-03-28,390.8,395.0,380.6,382.15,11065
2024-04-01,390.0,401.25,387.35,401.25,12502
2024-04-02,421.3,421.3,421.3,421.3,7592
2024-04-03,442.35,442.35,442.35,442.35,25918
2024-04-04,464.45,464.45,433.2,437.4,88179
2024-04-05,435.65,443.65,431.45,433.85,9423
2024-04-08,439.0,449.8,424.0,447.05,19926
2024-04-09,449.95,450.25,434.0,442.1,13036
2024-04-10,437.45,440.65,420.0,420.0,15036
2024-04-12,407.05,419.45,399.0,399.9,25972
2024-04-15,382.65,419.85,380.0,418.5,79322
2024-04-16,405.5,426.35,405.5,414.15,25290
2024-04-18,412.45,415.4,396.15,400.95,10795
2024-04-19,390.0,410.0,390.0,401.05,13703
2024-04-22,402.95,421.1,396.0,421.1,27109
2024-04-23,420.55,442.15,416.0,427.1,54456
2024-04-24,429.0,436.0,425.0,427.15,9523
2024-04-25,426.9,429.1,420.6,425.4,6878
2024-04-26,428.4,433.5,415.6,419.05,25770
2024-04-29,420.55,425.45,416.25,418.45,3822
2024-04-30,421.0,439.3,419.45,430.75,30611
2024-05-02,425.7,442.4,425.7,433.5,5775
2024-05-03,435.0,435.15,418.6,422.2,10336
2024-05-06,421.0,424.45,405.0,407.45,17391
2024-05-07,409.9,414.85,400.9,404.2,9099
2024-05-08,406.0,424.4,405.55,418.8,32388
2024-05-09,420.0,430.0,397.9,402.85,19354
2024-05-10,403.0,410.45,400.0,405.5,16872
2024-05-13,405.95,405.95,392.6,399.95,4938
2024-05-14,403.7,405.9,399.5,401.65,10656
2024-05-15,401.0,414.0,401.0,405.5,6904
2024-05-16,404.05,412.25,404.05,406.6,2171
2024-05-17,409.9,412.95,407.0,408.2,6494
2024-05-18,409.95,412.9,400.5,406.5,2540
2024-05-21,412.0,426.8,403.0,413.55,28873
2024-05-22,414.05,416.8,408.5,410.05,9453
2024-05-23,415.65,421.9,413.55,419.05,6409
2024-05-24,419.05,435.0,398.1,398.1,30027
2024-05-27,378.2,378.2,378.2,378.2,13541
2024-05-28,359.3,359.3,359.3,359.3,13754
2024-05-29,341.4,358.25,341.35,341.35,60546
2024-05-30,340.0,348.95,330.9,333.2,16924
2024-05-31,326.5,337.55,320.55,331.2,27229
2024-06-03,346.2,347.75,334.4,347.75,17700
2024-06-04,351.95,351.95,330.4,330.4,22491
2024-06-05,331.0,331.95,313.9,327.95,25605
2024-06-06,329.95,344.3,329.95,344.3,38727
2024-06-07,339.1,345.0,334.0,340.85,30129
2024-06-10,344.75,357.0,335.0,351.75,12462
2024-06-11,358.4,362.55,351.0,354.5,16019
2024-06-12,360.3,367.0,356.75,359.85,10807
2024-06-13,369.95,369.95,360.0,365.3,17473
2024-06-14,366.0,375.95,362.2,370.05,13209
2024-06-18,370.0,381.1,370.0,372.85,6513
2024-06-19,374.05,377.0,361.55,367.55,27157
2024-06-20,369.0,379.15,365.75,378.1,14501
2024-06-21,379.0,386.5,371.45,380.4,29231
2024-06-24,380.0,393.6,378.45,385.7,11053
2024-06-25,389.4,389.4,375.0,376.85,5481
2024-06-26,383.0,383.0,373.9,374.15,5226
2024-06-27,375.0,375.1,364.0,365.65,10442
2024-06-28,367.75,377.05,365.6,367.6,6128
2024-07-01,370.0,385.95,370.0,377.0,24537
2024-07-02,384.6,388.0,371.0,378.35,21224
2024-07-03,379.0,383.95,370.35,371.8,11609
2024-07-04,372.65,375.45,365.05,366.75,8422
2024-07-05,369.4,369.4,360.0,361.1,13156
2024-07-08,361.2,365.9,350.0,352.15,5292
2024-07-09,352.15,362.4,350.1,351.25,10610
2024-07-10,352.6,356.45,341.4,344.5,37308
2024-07-11,345.0,352.9,345.0,350.0,12870
2024-07-12,343.6,354.5,343.6,347.5,3252
2024-07-15,347.55,351.4,335.5,339.05,16432
2024-07-16,345.0,356.0,336.0,341.4,55896
2024-07-18,340.0,344.7,333.5,334.0,16992
2024-07-19,335.25,335.25,324.1,326.6,15235
2024-07-22,322.1,338.4,322.1,332.95,6622
2024-07-23,332.95,336.5,316.4,324.9,13287
2024-07-24,316.0,341.0,315.15,337.45,10966
2024-07-25,328.8,339.55,328.8,332.7,13021
2024-07-26,325.6,349.3,325.6,349.3,14758
2024-07-29,352.0,363.25,345.0,356.55,22584
2024-07-30,363.65,374.35,350.05,374.35,75109
2024-07-31,379.8,393.05,371.25,393.05,61983
2024-08-01,399.05,412.7,392.8,400.05,171605
2024-08-02,390.0,411.4,386.55,404.45,65677
2024-08-05,384.25,392.45,384.25,384.25,39017
2024-08-06,385.1,392.0,365.05,365.05,37981
2024-08-07,365.15,368.5,357.0,364.8,14654
2024-08-08,364.8,364.8,350.45,352.35,28118
2024-08-09,359.4,368.95,352.4,358.2,35929
2024-08-12,358.0,358.0,344.5,348.05,13643
2024-08-13,332.0,344.05,330.65,330.65,53189
2024-08-14,324.05,334.35,317.95,332.1,15020
2024-08-16,337.45,337.45,326.0,328.55,21352
2024-08-19,331.0,332.5,327.0,329.65,6154
2024-08-20,331.0,343.75,331.0,339.05,16224
2024-08-21,339.05,344.0,336.0,341.75,19721
2024-08-22,344.0,346.2,330.6,334.3,18090
2024-08-23,335.9,339.45,333.35,337.45,10284
2024-08-26,336.65,341.25,333.35,335.0,11539
2024-08-27,340.35,340.35,333.35,337.1,10589
2024-08-28,339.95,339.95,334.0,335.55,7113
2024-08-29,333.1,337.95,325.9,330.8,11585
2024-08-30,330.8,332.35,325.0,326.55,13025
2024-09-02,342.8,342.85,342.8,342.85,3749
2024-09-03,359.95,359.95,359.95,359.95,1283
2024-09-04,377.9,377.9,366.2,377.9,38172
2024-09-05,390.05,396.75,384.0,396.75,37148
2024-09-06,407.0,416.55,399.5,411.65,93346
2024-09-09,423.85,432.2,406.65,432.2,23765
2024-09-10,448.7,453.8,421.0,423.05,54600
2024-09-11,429.4,429.4,401.9,401.9,19185
2024-09-12,399.0,408.15,388.9,396.25,14898
2024-09-13,396.45,416.05,393.45,416.05,74037
2024-09-16,413.55,413.55,395.25,395.25,40233
2024-09-17,395.0,395.0,379.95,387.55,24799
2024-09-18,381.05,406.9,372.0,404.15,68340
2024-09-19,406.75,407.5,384.0,388.9,30470
2024-09-20,385.0,405.9,380.0,403.75,36770
2024-09-23,407.0,412.0,400.5,405.75,18660
2024-09-24,406.5,416.0,401.35,406.05,30769
2024-09-25,402.1,409.4,394.85,402.45,13365
2024-09-26,409.0,409.0,396.8,397.7,11796
2024-09-27,398.5,401.45,377.85,379.35,29002
2024-09-30,388.0,398.3,372.1,387.9,89386
2024-10-01,389.95,407.25,388.2,407.2,36741
2024-10-03,404.0,427.55,396.0,405.7,80679
2024-10-04,409.75,411.6,387.0,388.8,23563
2024-10-07,389.0,389.0,369.4,369.4,31512
2024-10-08,365.0,389.3,352.0,381.6,33650
2024-10-09,387.4,403.35,384.1,390.3,27200
2024-10-10,396.1,435.75,392.55,426.7,77557
2024-10-11,433.9,453.7,415.0,438.5,112912
2024-10-14,447.3,507.8,445.6,493.7,153369
2024-10-15,502.0,542.0,485.2,535.55,145474
2024-10-16,534.0,536.0,505.0,514.55,95168
2024-10-17,515.0,515.95,489.7,502.15,24672
2024-10-18,494.6,510.0,481.0,497.3,24831
2024-10-21,503.95,503.95,468.25,472.25,44878
2024-10-22,468.05,476.3,440.05,443.7,48223
2024-10-23,445.0,488.05,438.05,477.3,101800
2024-10-24,481.0,496.55,469.3,475.05,53914
2024-10-25,484.55,484.55,445.65,455.1,30191
2024-10-28,454.95,492.1,454.9,480.9,42678
2024-10-29,502.2,515.4,477.25,505.35,48079
2024-10-30,514.0,531.0,509.7,520.4,35335
2024-10-31,525.8,572.4,520.4,572.4,86412
2024-11-01,598.75,629.6,584.25,598.95,72872
2024-11-04,601.4,601.4,570.5,581.6,90001
2024-11-05,580.95,603.35,572.5,589.2,53850
2024-11-06,601.0,608.9,589.0,595.95,26678
2024-11-07,585.0,599.2,577.9,579.9,13990
2024-11-08,579.9,590.0,556.5,560.3,12785
2024-11-11,588.3,588.3,588.3,588.3,13379
2024-11-12,617.7,617.7,580.0,606.0,122354
2024-11-13,582.0,590.0,575.7,575.7,43759
2024-11-14,561.95,581.5,550.45,573.35,46700
2024-11-18,575.05,596.75,559.45,584.95,41496
2024-11-19,588.75,614.15,581.05,587.85,168358
2024-11-21,584.75,595.9,568.4,578.3,44495
2024-11-22,575.25,589.95,575.25,578.2,21968
2024-11-25,594.1,597.55,572.0,575.6,14749
2024-11-26,573.45,604.35,572.95,580.6,26633
2024-11-27,583.0,607.8,579.0,601.35,42249
2024-11-28,614.95,631.4,604.0,631.4,97429
2024-11-29,640.05,662.95,640.05,662.95,51281
2024-12-02,679.9,692.55,648.05,686.05,69017
2024-12-03,684.95,717.4,670.3,702.75,48246
2024-12-04,709.65,733.6,701.0,730.1,35106
2024-12-05,717.85,766.6,717.85,766.6,39356
2024-12-06,790.0,804.9,773.0,793.65,193902
2024-12-09,800.0,833.3,792.4,833.3,90290
2024-12-10,858.0,874.95,844.05,874.95,259460
2024-12-11,875.45,918.65,872.0,918.65,218153
2024-12-12,954.75,962.8,872.75,872.75,132472
2024-12-13,836.3,889.75,831.1,855.55,119593
2024-12-16,898.3,898.3,898.3,898.3,71317
2024-12-17,943.2,943.2,943.2,943.2,29586
2024-12-18,970.0,990.35,925.65,983.05,528710
2024-12-19,949.8,1032.2,946.55,1032.2,142657
2024-12-20,1074.7,1079.85,980.6,980.6,107334
2024-12-23,999.05,999.05,931.6,953.8,161437
2024-12-24,954.05,996.8,945.55,951.15,47100
2024-12-26,952.0,965.95,923.2,945.6,48492
2024-12-27,950.0,950.0,898.4,906.15,26366
2024-12-30,888.7,912.95,860.85,860.85,36664
2024-12-31,827.05,903.85,827.05,903.85,63528
2025-01-01,926.05,949.0,926.05,949.0,34988
2025-01-02,984.0,991.0,901.55,901.55,67816
2025-01-03,875.0,931.85,874.0,905.95,48741
2025-01-06,926.95,926.95,860.7,861.0,26519
2025-01-07,878.95,904.05,865.0,904.05,93679
2025-01-08,911.05,924.0,885.1,904.0,35834
2025-01-09,905.0,940.0,892.0,894.75,15362
2025-01-10,899.95,902.2,852.0,857.1,18403
2025-01-13,840.6,880.7,824.25,837.45,26573
2025-01-14,854.2,857.9,810.8,829.4,24322
2025-01-15,848.95,848.95,803.05,817.35,21087
2025-01-16,815.6,857.0,815.6,820.2,21069
2025-01-17,824.0,825.5,810.75,819.8,8566
2025-01-20,829.0,860.75,817.0,858.35,21923
2025-01-21,875.0,877.45,815.45,816.6,24297
2025-01-22,832.35,832.35,775.8,780.85,24927
2025-01-23,796.15,816.0,774.0,794.55,18617
2025-01-24,797.6,803.0,760.0,762.55,17615
2025-01-27,730.6,750.95,724.45,724.45,13065
2025-01-28,701.55,730.0,688.25,708.6,34492
2025-01-29,718.6,744.0,717.15,744.0,39759
2025-01-30,740.0,755.0,728.0,738.05,22120
2025-01-31,749.95,771.6,735.15,752.45,12115
2025-02-01,755.55,764.5,721.4,734.6,11718
2025-02-03,739.85,739.85,697.9,712.15,13854
2025-02-04,715.05,747.75,715.05,747.75,9380
2025-02-05,779.0,785.1,754.05,769.05,55781
2025-02-06,767.45,774.6,755.0,756.95,6568
2025-02-07,762.0,785.6,756.95,771.25,8627
2025-02-10,786.7,787.45,747.05,762.2,15443
2025-02-11,773.85,773.85,724.1,724.1,12114
2025-02-12,710.45,719.9,688.0,712.25,17061
2025-02-13,695.8,713.8,676.65,677.55,20394
2025-02-14,681.75,681.75,643.7,643.7,42488
2025-02-17,634.0,649.0,611.55,614.3,46836
2025-02-18,604.95,622.4,591.0,615.9,22097
2025-02-19,629.05,646.65,621.0,646.65,24481
2025-02-20,678.95,678.95,678.95,678.95,6870
2025-02-21,712.85,712.85,677.55,684.65,128009
2025-02-24,672.0,718.85,657.45,718.85,19424
2025-02-25,749.0,754.75,742.4,754.75,12850
2025-02-27,773.8,791.0,720.0,726.4,35875
2025-02-28,719.95,722.55,690.1,690.1,7619
2025-03-03,663.65,702.45,656.0,661.75,11832
2025-03-04,659.0,694.8,652.35,694.8,3919
2025-03-05,715.1,729.5,715.1,729.5,4194
2025-03-06,765.9,765.95,712.9,723.35,58566
2025-03-07,725.0,759.5,720.0,755.4,45154
2025-03-10,755.0,757.95,717.65,717.65,149586
2025-03-11,691.6,736.05,684.0,713.45,18041
2025-03-12,710.0,723.8,684.0,689.65,7965
2025-03-13,696.95,705.0,675.95,678.9,21319
2025-03-17,689.7,712.8,689.7,698.45,28688
2025-03-18,704.0,733.35,702.15,722.45,12859
2025-03-19,729.0,758.55,725.55,758.55,14761
2025-03-20,778.9,778.9,740.3,749.0,19939
2025-03-21,755.15,786.45,754.85,786.45,11061
2025-03-24,800.0,825.75,786.45,825.75,9672
2025-03-25,845.0,864.4,815.95,829.5,39204
2025-03-26,826.2,839.25,810.0,820.6,14325
2025-03-27,823.05,844.0,819.0,828.3,24501
2025-03-28,846.0,846.0,802.1,810.55,11097
2025-04-01,827.95,835.15,803.0,812.65,8329
2025-04-02,800.6,837.4,800.6,811.95,9860
2025-04-03,811.1,835.0,807.0,809.35,7080
2025-04-04,809.45,809.45,768.9,768.9,28534
2025-04-07,730.5,748.0,730.5,730.5,12348
2025-04-08,762.95,762.95,721.0,728.3,13725
2025-04-09,744.95,744.95,691.9,691.9,7696
2025-04-11,719.0,720.0,683.55,709.85,14407
2025-04-15,730.0,745.3,719.1,745.3,18367
2025-04-16,750.05,754.9,736.0,741.75,12830
2025-04-17,734.95,739.35,712.85,717.25,13410
2025-04-21,717.4,753.1,715.0,733.65,21744
2025-04-22,733.65,750.0,728.3,730.9,8316
2025-04-23,745.0,747.4,710.1,717.9,13496
2025-04-24,717.25,721.8,701.0,702.3,9165
2025-04-25,701.05,710.0,667.2,668.95,21779
2025-04-28,669.45,689.5,648.85,678.8,30677
2025-04-29,685.4,686.15,660.6,662.7,4316
2025-04-30,665.0,665.0,643.05,644.85,14692
2025-05-02,653.85,677.05,642.45,645.65,9539
2025-05-05,661.35,677.9,642.05,671.75,9610
2025-05-06,683.8,688.0,645.0,647.2,7342
2025-05-07,629.95,669.0,625.0,653.7,12706
2025-05-08,660.0,667.45,629.1,637.15,9868
2025-05-09,615.75,643.45,615.75,641.25,4820
2025-05-12,656.0,673.3,656.0,673.3,6106
2025-05-13,688.0,706.95,688.0,706.95,30001
2025-05-14,723.75,742.25,723.75,742.25,10388
2025-05-15,774.0,779.35,762.0,779.35,37450
2025-05-16,794.95,818.3,762.5,818.3,19502
2025-05-19,830.0,859.2,830.0,858.9,39959
2025-05-20,863.3,893.75,856.0,865.45,43598
2025-05-21,893.0,908.7,851.0,867.8,55514
2025-05-22,857.95,857.95,824.45,824.45,21700
2025-05-23,783.25,815.7,783.25,783.25,18763
2025-05-26,781.7,822.4,770.0,822.4,26984
2025-05-27,840.05,840.05,806.1,814.55,30279
2025-05-28,827.95,842.35,819.55,828.9,14891
2025-05-29,843.95,843.95,817.05,822.7,7553
2025-05-30,822.0,863.8,818.0,857.2,32890
2025-06-02,859.0,877.0,856.8,864.15,17019
2025-06-03,864.3,866.7,820.95,842.45,31257
2025-06-04,851.0,860.15,834.4,843.0,5931
2025-06-05,860.0,885.15,859.0,885.15,69372
2025-06-06,899.95,939.9,829.45,845.3,103147
2025-06-09,855.0,870.0,839.0,859.95,18346
2025-06-10,867.95,895.7,857.85,863.5,21660
2025-06-11,873.0,929.0,866.7,909.15,73184
2025-06-12,920.9,920.9,867.5,910.1,32984
2025-06-13,885.0,939.75,858.1,922.75,51839
2025-06-16,929.95,949.15,894.55,934.2,25042
2025-06-17,930.0,963.55,913.35,916.25,25494
2025-06-18,918.05,945.2,901.0,930.35,16109
2025-06-19,930.35,934.6,865.0,873.35,20901
2025-06-20,885.05,885.05,856.1,860.2,14252
2025-06-23,859.7,901.5,844.75,876.25,32242
2025-06-24,883.25,963.85,883.25,963.85,218605
2025-06-25,979.8,1040.8,977.7,1000.35,105697
2025-06-26,997.35,1018.0,977.6,993.95,31123
2025-06-27,995.0,1042.85,993.95,1008.6,45013
2025-06-30,1011.85,1014.35,968.3,1002.3,25070
2025-07-01,1009.95,1041.9,1006.4,1010.0,43630
2025-07-02,1008.05,1011.95,985.75,994.55,18523
2025-07-03,997.85,1093.5,997.8,1022.75,95291
2025-07-04,1013.05,1046.45,1010.0,1019.25,34236
2025-07-07,1015.5,1020.7,983.5,993.65,17206
2025-07-08,993.45,1007.0,972.45,986.3,10370
2025-07-09,985.1,1084.9,981.0,1084.9,78520
2025-07-10,1098.95,1130.0,1085.45,1100.95,60971
2025-07-11,1100.95,1123.8,1072.0,1078.9,40363
2025-07-14,1065.0,1094.65,1054.0,1079.3,17997
2025-07-15,1097.35,1097.55,1070.45,1073.85,16249
2025-07-16,1065.15,1105.75,1065.15,1094.85,29097
2025-07-17,1115.95,1130.0,1046.05,1058.95,51580
2025-07-18,1047.5,1072.7,1023.9,1044.15,24972
2025-07-21,1040.0,1077.55,1023.05,1069.2,33977
2025-07-22,1079.9,1087.4,1063.2,1074.8,12880
2025-07-23,1081.1,1101.0,1066.55,1082.2,18856
2025-07-24,1092.65,1111.0,1058.9,1064.05,14980
2025-07-25,1071.0,1072.45,1033.3,1045.35,23083
2025-07-28,1043.05,1055.7,992.0,1003.75,26810
2025-07-29,1003.75,1025.0,994.6,1018.45,10754
2025-07-30,1017.45,1022.95,992.1,994.5,11362
2025-07-31,1003.8,1020.0,975.1,1009.25,12867
2025-08-01,1020.15,1029.35,983.7,987.9,8923
2025-08-04,987.0,1009.35,980.95,997.0,5858
2025-08-05,1009.95,1009.95,963.0,970.45,11383
2025-08-06,955.65,977.75,940.0,942.15,20821
2025-08-07,940.1,962.55,921.65,943.05,18547
2025-08-08,947.6,952.4,907.15,913.3,13497
2025-08-11,916.65,947.05,907.55,937.95,23615
2025-08-12,959.7,968.45,936.0,945.65,11007
2025-08-13,950.0,962.2,925.0,937.8,13810
2025-08-14,940.15,947.0,927.25,931.1,7744
2025-08-18,933.05,1016.5,928.7,996.6,32036
2025-08-19,1013.1,1028.7,991.0,995.4,17224
2025-08-20,1006.05,1006.05,978.35,986.5,12299
2025-08-21,1004.75,1004.75,976.05,979.25,16973
2025-08-22,970.15,993.15,956.35,959.55,17394
2025-08-25,956.05,977.7,939.45,950.6,9720
2025-08-26,969.7,975.0,925.0,928.9,9535
2025-08-28,930.05,936.55,917.85,919.7,4344
2025-08-29,919.7,929.4,901.0,904.05,3359
2025-09-01,904.55,925.5,904.05,913.7,8580
2025-09-02,909.15,939.95,909.15,921.8,6187
2025-09-03,937.0,937.0,918.0,919.65,5176
2025-09-04,926.95,935.0,915.0,916.65,8880
2025-09-05,911.55,933.15,910.0,923.55,7346
2025-09-08,927.0,935.2,916.1,921.4,9132
2025-09-09,939.7,1004.9,915.2,939.45,28235
2025-09-10,930.55,967.0,929.45,931.2,8319
2025-09-11,944.8,944.8,927.0,934.45,6692
2025-09-12,931.5,949.9,929.65,939.4,10482
2025-09-15,939.75,942.3,927.0,929.95,3868
2025-09-16,930.6,945.0,927.8,929.75,5253
2025-09-17,934.4,941.55,923.0,924.75,5864
2025-09-18,926.5,965.55,922.05,923.45,9132
2025-09-19,926.0,943.0,925.05,928.15,12546
2025-09-22,928.15,930.65,914.25,916.95,5497
2025-09-23,917.05,938.3,914.0,924.75,9002
2025-09-24,922.05,940.9,912.2,914.8,5441
2025-09-25,931.4,931.4,887.0,889.9,8529
2025-09-26,890.0,891.7,855.0,868.9,10380
2025-09-29,860.15,879.7,860.15,863.65,4005
2025-09-30,865.1,868.0,833.7,837.6,6878
2025-10-01,851.0,856.0,830.3,849.95,13509
2025-10-03,831.55,866.0,831.55,861.45,2628
2025-10-06,860.0,905.0,860.0,888.45,28081
2025-10-07,901.65,901.65,864.3,868.25,6919
2025-10-08,864.2,880.95,855.35,859.2,4334
2025-10-09,859.05,863.3,846.1,848.85,6667
2025-10-10,849.1,852.7,840.0,841.45,1579
2025-10-13,839.4,844.65,824.85,825.9,3411
2025-10-14,823.4,829.2,793.85,806.65,10559
2025-10-15,826.0,826.0,800.05,804.45,6574
2025-10-16,810.0,815.35,797.35,803.75,6777
2025-10-17,804.05,804.95,790.05,792.3,10709
2025-10-20,793.05,807.0,785.65,799.9,6279
2025-10-21,799.9,808.45,798.0,803.75,891
2025-10-23,806.4,814.1,792.0,799.15,4328
2025-10-24,798.75,798.9,782.5,784.65,7200
2025-10-27,789.0,820.2,787.55,798.55,6978
2025-10-28,800.0,819.6,786.0,793.5,6596
2025-10-29,796.6,821.65,791.55,813.35,6294
2025-10-30,786.2,801.0,786.2,791.75,7611
2025-10-31,795.85,800.1,788.1,795.5,3808
2025-11-03,794.7,803.95,788.0,791.3,4387
2025-11-04,791.3,804.7,789.85,792.45,5991
2025-11-06,783.25,793.3,767.0,771.65,7333
2025-11-07,768.7,775.15,743.3,745.7,6540
2025-11-10,755.65,758.15,730.0,732.75,6651
2025-11-11,735.0,736.05,714.0,721.35,8871
2025-11-12,721.0,788.2,721.0,757.05,32305
2025-11-13,762.2,762.2,740.0,742.8,8611
2025-11-14,742.15,754.95,738.0,744.65,4016
2025-11-17,743.0,747.35,730.6,733.05,3345
2025-11-18,727.0,754.0,727.0,742.2,8477
2025-11-19,737.15,737.15,715.6,721.6,10788
2025-11-20,725.35,761.45,724.0,756.2,5804
2025-11-21,754.05,768.3,730.0,738.4,7537
2025-11-24,736.05,736.05,709.0,717.05,6112
2025-11-25,719.8,742.95,710.15,722.9,3682
2025-11-26,726.1,772.6,722.6,756.6,13807
2025-11-27,758.0,799.2,758.0,782.05,11938
2025-11-28,782.5,938.45,782.5,907.05,634270
2025-12-01,898.95,904.05,853.0,862.5,96799
2025-12-02,855.15,872.7,838.55,853.15,35647
2025-12-03,855.1,863.2,837.55,842.9,19886
2025-12-04,844.45,846.0,815.75,820.0,10395
2025-12-05,816.0,825.35,803.55,807.7,7187
2025-12-08,807.7,822.55,760.35,763.9,15418
2025-12-09,775.25,777.7,750.45,773.65,8562
2025-12-10,779.85,798.4,762.0,764.1,8082
2025-12-11,764.1,785.9,756.75,765.5,6116
2025-12-12,767.65,777.35,758.8,761.65,7209
2025-12-15,761.0,773.3,754.15,766.35,9052
2025-12-16,761.2,764.55,756.0,758.8,4066
2025-12-17,756.0,767.25,735.05,740.25,6022
2025-12-18,743.75,743.75,727.0,730.15,4015
2025-12-19,731.35,753.95,731.35,748.65,4321
2025-12-22,749.65,766.2,749.55,761.0,3510
2025-12-23,760.35,765.7,755.35,757.2,2461
2025-12-24,757.7,763.15,740.5,746.9,9174
2025-12-26,768.65,768.65,729.0,732.0,5376
2025-12-29,732.0,739.1,723.9,724.85,8076
2025-12-30,724.8,726.55,698.05,711.75,18982
2025-12-31,715.3,730.0,712.85,719.15,12196
2026-01-01,718.65,746.6,716.8,730.7,7030
2026-01-02,730.7,733.95,720.8,725.7,2828
2026-01-05,725.0,730.45,715.0,719.6,3423
2026-01-06,719.65,724.95,710.6,713.35,3355
2026-01-07,713.4,718.35,707.0,714.45,5714
2026-01-08,712.0,716.4,677.0,678.75,9495
2026-01-09,678.8,679.95,651.0,654.0,5901
2026-01-12,651.0,653.1,628.85,641.0,9989
2026-01-13,641.1,702.0,641.1,693.05,15182
2026-01-14,700.45,702.0,667.8,678.65,6049
2026-01-16,678.5,695.75,672.8,677.9,3797
2026-01-19,668.55,673.0,653.0,656.4,6789
2026-01-20,655.95,655.95,610.0,611.35,13210
2026-01-21,608.45,648.4,604.5,630.45,12567
2026-01-22,630.5,645.0,614.5,617.15,8482
2026-01-23,618.15,623.3,586.55,588.9,7160
2026-01-27,598.35,626.4,575.05,616.05,14030
2026-01-28,633.45,633.45,615.6,629.0,5535
2026-01-29,626.75,626.75,605.65,615.35,6792
2026-01-30,611.8,701.0,604.2,647.15,34736
2026-02-01,650.0,670.65,627.4,629.15,8205
2026-02-02,631.85,647.1,621.4,638.2,7280
2026-02-03,645.65,662.55,641.55,651.5,5437
2026-02-04,648.45,665.4,641.25,651.65,5046
2026-02-05,652.0,655.25,638.7,642.9,2509
2026-02-06,649.4,649.4,630.65,634.7,2438
2026-02-09,631.15,726.4,631.15,710.2,49780
2026-02-10,712.05,731.45,700.05,722.1,14673
2026-02-11,702.9,742.7,697.4,701.3,17639
2026-02-12,695.75,698.35,684.4,687.75,8024
2026-02-13,689.45,696.0,664.95,686.5,7040
2026-02-16,684.75,689.4,666.6,672.95,3186
2026-02-17,668.15,675.0,643.0,644.6,8515
2026-02-18,645.05,673.2,645.05,654.85,4729
2026-02-19,648.05,657.1,640.0,641.45,3888
2026-02-20,639.95,657.4,639.0,641.85,4543
2026-02-23,641.9,647.9,576.8,585.2,18457
2026-02-24,580.05,605.75,541.5,600.5,332425
2026-02-25,593.7,615.0,591.0,606.8,15608
2026-02-26,605.7,617.6,599.2,605.25,4120
2026-02-27,599.0,633.3,599.0,602.55,12670
2026-03-02,589.5,605.2,579.0,598.0,8928
2026-03-04,597.35,597.35,560.8,565.7,8885
2026-03-05,576.35,596.4,560.8,587.85,9315
2026-03-06,587.85,591.8,571.55,574.25,8470
2026-03-09,572.0,572.0,551.05,557.95,7134
2026-03-10,577.35,620.0,570.8,612.35,17760
2026-03-11,616.2,623.4,593.35,595.65,5978
2026-03-12,593.4,604.95,586.45,594.85,7774
2026-03-13,592.15,592.15,552.3,555.4,9429
2026-03-16,555.4,571.7,538.95,545.4,21502
2026-03-17,545.4,555.0,539.8,546.15,7306
2026-03-18,545.35,574.4,545.35,557.65,6297
2026-03-19,542.8,551.4,529.0,531.15,12988
2026-03-20,537.35,561.45,524.7,532.15,15569
2026-03-23,522.7,522.75,482.0,484.4,29527
2026-03-24,499.4,510.8,490.5,496.55,18719
2026-03-25,500.05,518.4,500.0,505.6,14798
2026-03-27,500.8,506.6,479.0,487.9,45668
2026-03-30,480.15,501.45,465.55,469.6,32015
2026-04-01,479.4,511.5,475.2,503.95,9293
2026-04-02,490.0,499.85,486.4,496.75,7916
2026-04-06,496.8,510.0,485.95,503.9,8550
2026-04-07,502.0,524.0,493.95,503.25,10774
2026-04-08,520.0,552.9,513.95,545.5,13362
2026-04-09,554.85,557.0,535.0,550.6,15490
2026-04-10,555.1,569.4,545.5,549.65,27571
2026-04-13,548.45,577.1,525.65,570.0,14135
2026-04-15,580.0,617.95,580.0,615.5,35740
2026-04-16,629.0,666.0,628.95,650.3,46392
2026-04-17,650.0,665.0,645.0,663.3,15132
2026-04-20,666.15,726.1,664.65,700.15,38530
2026-04-21,701.0,779.4,695.45,727.7,90454
2026-04-22,735.25,738.25,706.5,710.75,16591
2026-04-23,715.45,719.15,691.65,694.3,8993
2026-04-24,698.4,713.7,677.05,684.0,9579
2026-04-27,683.25,737.4,683.25,722.35,12953
2026-04-28,721.1,731.55,715.3,725.7,27333
2026-04-29,731.4,764.35,727.05,754.35,21172
2026-04-30,750.0,758.0,722.0,747.55,11736
2026-05-04,749.9,756.45,732.0,745.8,10941
2026-05-05,740.0,745.8,725.95,732.4,4282
2026-05-06,745.65,745.65,731.9,743.0,6284
2026-05-07,749.35,760.45,731.65,740.65,4554
2026-05-08,741.05,747.4,714.65,714.65,2309
